12000131200013001001001622610037659768631143102004001119922010800006822221
12000131200013001001003395200046734425520846102004002119722004800084022228
12000131200013001001011852880048604250854822102004001119772007800062022221
12000131200013001001020095810041650908551324102004002219892008800006822228
12000131200013001001023881800054191529814691102004001119902010800006822221
12000131200013001001025119760047643161594557102004001119862005800084022221
12000131200013001001025119760047643161594557102004001119832004800084022221
12000131200013001001025119760047643161594557102004001219852009800006822221
12000131200013001001045630030059935852239449102004002119812003800062022228
12000131200013001001050699070057530028861226102004001119902010800006822221
12000131200013001001051752320037080301414962102004001119982010800062022221
12000131200013001001061321460050236538035175102004002219932010800006822228
12000541200054001001001646400032651256298853102005001219432009800060422221
12000541200054001001009366050029105253493914102005001219642010800060422221
12000541200054001001010750720030687092413433102005001219902010800060422221
12000541200054001001014825730022894766132657102005001219912008800060422221
12000541200054001001020547820022316270307479102005001219912010800006822221
12000541200054001001046264260025900739661897102005001219651989800060422221
12000541200054001001046264260025900739661897102005001219531987800060422221
12000541200054001001046264260025900739661897102005001219681987800060422221
12000541200054001001052621820026945891670832102005001219722008800060422221
12000541200054001001057266280030751339747241102005001119892010800006822221
12001041200104001001005447170119734466382586102005001219602010800006822221
12001041200104001001008646390089940334605904102005001119792007800006822221
12001041200104001001010429860114615411218240102005001119862010800006822221
12001041200104001001023760630087762763178081102005001119852003800006822221
12001041200104001001023760630087762763178081102005001119852004800006822221
12001041200104001001023760630087762763178081102005001219922006800006822221
12001041200104001001023760630087762763178081102005001220062006800006822221
12001041200104001001032011830079296465817067102005001119872005800006822221
12001041200104001001039932440060554642331866102005002119772007800006822228
12001041200104001001043469450105621622533371102005002119872009800006822228
12001041200104001001050971220113684664435595102005001219922009800006822221
12001041200104001001052326970144530189956110102005001119882010800006822221
12001041200104001001061075680105622990528739102005002219872009800006822228
12001381200138001001022217640026033107810391102004002119882009800006822228
12001381200138001001025642080034842057260670102004002119822005800084022228
12002031200203003001000193310094069254393237101001001219832008800038022221
12002031200203003001002512530085220128608328101001001119722008800019222221
12002031200203003001015991500122621060046297101001001119912010800004022221
12002031200203003001043224360105026822697183101001001219452006800084022221
12002031200203003002000954260105064484366943101001001119882009800006822221
12002031200203003002003909670090190170740955101001001119892010800006822221
12002031200203003002032655080098817933947687101001001119602008800060422221
12002031200203003002052668170109925755311078101001001119912008800006822221
12002031200203003003003428630121368380807070101001001119732000800025022221
12002031200203003003016695150106804391289492101001002219872007800072422228
12002521200252001001000487750058048914413456102005001219862010800006822221
12002521200252001001000791240046969937481640102005001119812003800006822221
12002521200252001001000791240046969937481640102005001219822004800006822221
12002521200252001001003629020054440466090519102005001219822010800006822221
12002521200252001001005582430067238675979882102005001219902010800006822221
12002521200252001001015071410059649265116599102005002119852007800006822228
12002521200252001001026438000053288541087913102005001219862006800006822221
12002521200252001001030134520049521610661396102005001119822009800072422221
12002521200252001001034928260041705003723009102005001119702010800060422221
12002521200252001001046451290048372868676124102005001119892010800006822221
12002521200252001001046933280053428906492428102005001219822010800006822221
12002521200252001001049868560045126778489310102005001119912010800006822221
12002521200252001001050913230051077581924177102005001119792010800006822221
12002521200252001001052407400055518092401128102005001219902007800006822221
12002521200252001001060447240049409110605175102005001219862010800006822221
12003021200302001001008696640103596089292573101002001119862007800072422221
12003021200302001001014306870099457767610301101002001119872008800006822221
12003281200328001001054655770041748977431331101002001219802010800006822221
12003361200336001001012442560070504556476792101001001219892007800019222221
12003361200336001001016070730038141359947415101001001119772006800006822221
12003361200336001001042920380055603457734745101001001119852008800006822221
12003361200336001001042920380055603457734745101001001119832009800006822221
12003361200336001001048398520045473443568267101001001219892009800006822221
12003511200351001001020991640041525459385647101001001119922010800006822221
12003851200385001001000993580038262027260327102004001119862010800006822221
12003851200385001001003665340058829419269064102004002219912009800006822228
12003851200385001001013883390046651865542314102004001119822007800006822221
12003851200385001001014660180050208888584530102004001119912009800006822221
12003851200385001001024460010043408068066661102004001119642009800060422221
12003851200385001001033179550041633761837432102004001219882009800006822221
12003851200385001001035330120040769298024845102004001119852010800006822221
12003851200385001001035330120040769298024845102004001119502010800006822221
12003851200385001001035678060040769298024845102004001119872008800006822221
12003851200385001001047579100050397078160429102004001119922009800006822221
12003851200385001001059493060053359479103759102004001219792008800006822221
12004011200401005001013643050116316558127052102004001119892010800006822221
12004011200401005001037094290106269866557969102004001219892010800038022221
12004011200401005002004604680110583062907419102004001219812007800006822221
12004011200401005002008674100119132557437831102004001119812010800006822221
12004011200401005002009859870113577232410322102004001119882010800006822221
12004011200401005002015976430099083092787953102004001119922004800060422221
12004011200401005002019050650106823943324472102004001219872009800062022221
12004011200401005002019631120107718504415862102004001219922010800006822221
12004011200401005002022881950102943810633884102004001219812010800006822221
12004011200401005002022881950102943810633884102004001119752010800006822221
12004011200401005002033592560103591073400010102004001119722006800006822221
12004011200401005002033849080110687819201911102004001219802007800006822221
12004011200401005002033886420093157782682781102004001119752010800006822221
12004011200401005002036944880091559180654233102004001219682010800062022221
12004011200401005002039910930106333758419343102004001119882009800006822221
12004011200401005002048251210086641048768805102004001219892006800072422221
12004011200401005002048251210086641048768805102004001219802005800072422221
12004011200401005002048426960090145909475459102004001119892010800006822221
12004011200401005002053876060090559882090948102004001119782004800006822221
12004011200401005002053876060090559882090948102004001219872010800020322221
12004011200401005002055605640084362006109269102004001219882010800084022221
12004011200401005002059568330119433464582499102004001219832009800006822221
12004011200401005003008776720099042154845686102004001119882010800006822221
12004011200401005003022080370082095987722605102004001119682002800039222221
12004011200401005003059467110100648221651813102004001119602009800060422221
12004011200401005004011453630111189642886452102004001219892009800006822221
12004011200401005004013612240102793171505435102004001219852010800003222221
12004011200401005004016043600095888605534894102004001119802005800003222221
12004011200401005004016133680096300328522140102004001119191988800060422221
12004011200401005004023733660109589113788183102004001119852010800006822221
12004011200401005004034887340116528071153322102004001219882005800006822221
12004011200401005004035034810095631216322370102004001219912009800006822221
12004011200401005004039361290120876966382028102004001119902009800006822221
12004011200401005004040365760105968139916308102004001119782010800006822221
12004011200401005004045447490124881315311738102004001119822005800006822221
12004011200401005005000192170118968595909228102004001219902010800006822221
12004011200401005005000305060112199428442701102004001119752010800075222221
12004011200401005005008985400114302851256899102004001219862010800006822221
12004011200401005005027602090121417526699018102004001119882007800064322221
12004011200401005005030833160112809303374621102004001219802008800039222221
12004011200401005005031744680111174738282544102004001119892010800060422221
12004011200401005005032830030091997949093810102004001219922010800006822221
12004011200401005005033747340109733950772543102004001119822010800006822221
12004011200401005005035949290118071606142019102004001119812007800006822221
12004011200401005005035949290118071606142019102004001219832008800048422221
12004011200401005005041402210094410986246347102004001119892007800006822221
12004011200401005005045443220103059329359982102004001219912010800006822221
12004011200401005005048228130118968595909228102004001219922010800006822221
12004011200401005005052170050117239844835429102004001219872007800006822221
12004011200401005005056501730107028332805887102004001219912010800006822221
12004011200401005006011723980114687845333018102004001219822005800062022221
12004011200401005006011723980114687845333018102004001219892009800006822221
12004011200401005006021400150114687845333018102004001119882009800019222221
12004011200401005006047732530132889151710135102004001219822009800015622221
12004011200401005006057264850133823809687073102004001219892010800072422221
12004011200401005007000483510107446440731216102004001119882010800062022221
12004011200401005007014916620139383289920192102004001219902010800006822221
12004011200401005007015829890108284657398609102004001219912010800006822222
12004011200401005007025874030133046361709659102004001119912010800006822221
12004011200401005007026065250091795530659158102004001120092010800006822221
12004011200401005007026065250091795530659158102004001219742010800006822221
12004011200401005007026065250091795530659158102004001119822010800006822221
12004011200401005007026065250091795530659158102004001219822010800006822221
12004011200401005007034240670120296150084124102004001119922010800006822222
12004011200401005007044954170127039085420014102004001119872010800006822221
12004011200401005008012684590124828697568928102004002119912010800006822228
12004351200435001001018942060010000000000003102003002219802005800060422228
12004501200450001001008900880051324096100938102004002119902009800006822228
12004501200450001001022583470053475731220960102004001119982010800060422221
12004501200450001001024238070049047559056722102004002219882006800084022228
12004501200450001001027792540051901781164573102004001219902007800006822221
12004501200450001001038567820058108165640116102004001219862003800039222221
12004501200450001001051967460051333746194110102004002219872006800006822228
12005001200500003001000521790038940543720549102003001119842008800010022221
12005001200500003001017579830097896696391040102003001119932010800006822221
12005001200500003001037978810116651954147187102003001119872010800010022221
12005001200500003001044081470080600807655801102003001219912009800006822221
12005001200500003001045448080093525427672603102003001219772008800006822221
12005001200500003001054815260029292215373977102003001119712010800006822221
12005001200500003001056054800095137889230943102003001119862008800006822221
12005001200500003001056482960080914218904080102003001219752009800086222221
12006091200609001001017014120132315827608682101002002219832009800006822228
12007081200708001001005333290080053378050559102005001119682010800006822221
12007081200708001001032183040048978444832902102005001219782010800006822221
12007081200708001001034066940042940356885820102005001219902010800006822221
12008071200807001001030703650043170646302558102004002119912010800006822225
12008071200807001001031441630042521268608441102004002119702007800039222228
