11000151100015001001006101990098387576671575102006001119852008800072422221
11000151100015001001006661340129257261659185102006001119682010800072422221
11000151100015001001007539700092321678001113102006002119872010800002422228
11000151100015001001007718350089665891928172102006002219722006800072422228
11000151100015001001007718350089665891928172102006002219852009800072422228
11000151100015001001007718350089665891928172102006002119782007800062022228
11000151100015001001008941150107104739298053102006001219712006800072422221
11000151100015001001012090030093705298761927102006001119692004800084022221
11000151100015001001012090030093705298761927102006001219702003800084022221
11000151100015001001014469900112215629048935102006002119892010800006822228
11000151100015001001014469900112215629048935102006002119932010800006822228
11000151100015001001014610420110127851483480102006001219762003800072422221
11000151100015001001014610420110127851483480102006001119722003800072422221
11000151100015001001017583160124324325482775102006001119872008800072422221
11000151100015001001025224020080905740737337102006001119972010800072422221
11000151100015001001025224020080905740737337102006001219932010800072422221
11000151100015001001027624220098971976713896102006001219892007800072422221
11000151100015001001028566430115040541727597102006001119892007800006822221
11000151100015001001032990710096544551658116102006001119862010800006822221
11000151100015001001032990710096544551658116102006001119922010800006822221
11000151100015001001032990710096544551658116102006001219682010800072422221
11000151100015001001034154210112434187060824102006001119852007800072422221
11000151100015001001036451840081241109135778102006001219722008800062022221
11000151100015001001039075720109173898735680102006001219892010800006822221
11000151100015001001039879770108294717233073102006001219712009800072422221
11000151100015001001040484410101281399020912102006001119822001800072422221
11000151100015001001042543810083866644557400102006002219732010800038022224
11000151100015001001042543810083866644557400102006002219922010800038022224
11000151100015001001042780130093187895260703102006002219862006800072422228
11000151100015001001043394470092321678001113102006002219752004800062022228
11000151100015001001046421610101533764277689102006002219862009800072422228
11000151100015001001047038990096940529647881102006001219832005800072422221
11000151100015001001049882700096776986472784102006002119832005800084022224
11000151100015001001050444670116351105526234102006002219832005800072422228
11000151100015001001052556590078116696971794102006001219842005800072422221
11000151100015001001052556590078116696971794102006001219892007800072422221
11000151100015001001055144850084743792291192102006001119922010800072422221
11000151100015001001055144850084743792291192102006001219922010800072422221
11000151100015001001055638670105088465212775102006002119882007800072422228
11000151100015001001056005460107934331192309102006001119852007800072422221
11000151100015001001057429140098541551395246102006001219852007800006822221
11000151100015001001058299350079065430245752102006002219712009800072422224
11000231100023003001011887230103382481382315102003001119622010800038022221
11000231100023003001021742520110113126518445102003001119812008800037222221
11000231100023003001023206820086678684887069102003001219782006800062022221
11000231100023003001026747680082654664085164102003001219932010800055422221
11000231100023003001035491660112544207827175102003001119662006800084022221
11000231100023003001035491660112544207827175102003001119752006800084022221
11000231100023003001040012290121237694357173102003001119792010800062022221
11000231100023003001045814350142658228217659102003001219802006800072422221
11000231100023003001047322980025501926103378102003001219842008800072422221
11000231100023003001054843010099068146210780102003001219862006800038022221
11000231100023003001055743530133248299718160102003001119842010800019222221
11000231100023003001057720310162681541985685102003001219922009800052822221
11000231100023003002007448560079685788839518102003001219862010800006822221
11000231100023003002027476710083685724083166102003001219792001800072422221
11000231100023003002032606970106770574061510102003002219802006800072422228
11000231100023003002036918510098280540129582102003001119872002800084022221
11000231100023003002042142790105011747967279102003001219892010800006822221
11000231100023003002050656280119299848512107102003001219712001800044222221
11000231100023003002050656280119299848512107102003001219842003800044222221
11000231100023003003001539660066007736838199102003001219792010800039222221
11000231100023003003002113640127437701049560102003001219922010800006822221
11000231100023003003008923420094191675005333102003001219872007800072422221
11000231100023003003011113290075521092627720102003001219772003800084022221
11000231100023003003012007470125340433757413102003001219842008800072422221
11000231100023003003012288980113101550163962102003001119812007800072422221
11000231100023003003025079530085324165836923102003001219762010800072422221
11000231100023003003026737610128922643092610102003001219772004800072422221
11000231100023003003028128070128294848990468102003002119752009800084022228
11000231100023003003041310510125607476932224102003001219822005800082622221
11000231100023003003041310510125607476932224102003001119872007800082622221
11000231100023003003043324080082027738980337102003001119832010800072422221
11000231100023003003048058760086258435532789102003001119912009800006822221
11000231100023003003056841040126443912142373102003001219852007800072422221
11000231100023003003060926040132404367849333102003001219692005800072422221
11000231100023003004001537760042207347310331102003001219772003800062022221
11000231100023003004002413410108920306132536102003001119802005800084022221
11000231100023003004003104040118497261743335102003001219681993800075622221
11000231100023003004003104040118497261743335102003001119722009800075622221
11000231100023003004003699110125659917332656102003001119852010800006822221
11000231100023003004007213910128550621724510102003001119692010800084022221
11000231100023003004012212990116082321060954102003001119862006800062022221
11000231100023003004014303750117712241568439102003001219712004800084022221
11000231100023003004019002470154050218033134102003001219962009800072422221
11000231100023003004024457800118563008996831102003001119832008800072422221
11000231100023003004025411800124452356416852102003001119832010800006822221
11000231100023003004025665490132255515611245102003001219812008800072422221
11000231100023003004030819500108052037160612102003001219692009800072422221
11000231100023003004036095010110307610530277102003001119862010800072422221
11000231100023003004039726130105278931079630102003001119812010800006822221
11000231100023003004050086530084598435947419102003001219852010800072422221
11000231100023003004051729190126022719183051102003001219842006800082622221
11000231100023003004052335850092512697634920102003001119792004800038022221
11000231100023003004061784480081594287764958102003001219892008800062022221
11000231100023003004061784480081594287764958102003001119872007800062022221
11000231100023003004061909890106791349377719102003001119852010800027622221
11000311100031001001005024160026202927586863102008002119772007800072422228
11000311100031001001005674520035050823593342102008002219832001800062022228
11000311100031001001006311110031272941015062102008002119802000800086222228
11000311100031001001006431400028868782470266102008002119862004800084022228
11000311100031001001014794980030149603596535102008001219802004800084022221
11000311100031001001022220860037665414491649102008002119792004800084022228
11000311100031001001022220860037665414491649102008002219812009800025022228
11000311100031001001022220860037665414491649102008002119832007800025022228
11000311100031001001038031530027629506130845102008002119812005800072422228
11000491100049003001026580700066601715212585102006001119862008800062022221
11000491100049003002003165400112620576628818102006001119702000800084022221
11000491100049003002035341050070363831330655102006001119862005800037222221
11000491100049003002035341050070363831330655102006001119852005800037222221
11000491100049003002035491400100403066523553102006001119922005800039222221
11000491100049003002035491400100403066523553102006001219692005800039222221
11000491100049003003001221850114636778128738102006001219822004800039222221
11000491100049003003002505820121936582432941102006001119802005800072422221
11000491100049003003009746870141261944974548102006001219822010800017022221
11000491100049003003009746870141261944974548102006001119852010800017022221
11000491100049003003013406110083448129083200102006001219812007800082622221
11000491100049003003013519860076896628381384102006001219862004800084022221
11000491100049003003019192770099712733415163102006001119602004800084022221
11000491100049003003029067200097086563404780102006001119752004800084022221
11000491100049003003029324670036026460967236102006001119812001800038022221
11000491100049003003031167830093152679642703102006001119882008800006822221
11000491100049003003031294610137772361926155102006001119892009800062022221
11000491100049003003031732650106603323883586102006001219762005800038022221
11000491100049003003032334030120329327031296102006001219832000800039222221
11000491100049003003040134180093751683552522102006001219762001800084022221
11000491100049003003040134180093751683552522102006001220012009800084022221
11000491100049003003042064080085125258878098102006001119792009800006822221
11000491100049003003042064080085125258878098102006001219822009800006822221
11000491100049003003042064080085125258878098102006001119982009800006822221
11000491100049003003042064080085125258878098102006001120072009800006822221
11000491100049003003044202860119680349378965102006001219712010800006822221
11000491100049003003058919180102218758975658102006001119671992800039222221
11000491100049003003060727490118162260949942102006001119662003800062022221
11000491100049003004007138190122535639735936102006001119812004800084022221
11000491100049003004007983430075131720642983102006001219902010800006822221
11000491100049003004009799500083044970825332102006001119922010800062022221
11000491100049003004010707110106096001668093102006001219902010800006822221
11000491100049003004010707110106096001668093102006001119892010800006822221
11000491100049003004012429290066929953580976102006001119832006800072422221
11000491100049003004014299560083131728579256102006001119852008800078422221
11000491100049003004016196280077340447680170102006001219842005800062022221
11000491100049003004018231150081356621812746102006001219852005800072422221
11000491100049003004025080900093168423767816102006001119892010800006822221
11000491100049003004025080900093168423767816102006001219912010800006822221
11000491100049003004032647260074345952578691102006001119792002800062022221
11000491100049003004032647260074345952578691102006001119742004800062022221
11000491100049003004040211420084535045134223102006001219872010800006822221
11000491100049003004042028090100097372595779102006001119852007800082622221
11000491100049003004045350700102493363765317102006001219802007800072422221
11000491100049003004048040140113903340250104102006001219822008800084022221
11000491100049003004052434770083947049750273102006001219732010800072422221
11000561100056001001000258070048720050675291102008001219632005800084022221
11000561100056001001000258070048720050675291102008001219812005800084022221
11000561100056001001007976930044914320514437102008001119762006800072422221
11000561100056001001020687940045013751256169102008001219722006800030022221
11000561100056001001024542730048416459650928102008001119832004800084022221
11000561100056001001040695350070333627947108102008001119862010800006822221
11000561100056001001041576690049824945648937102008002219842009800038022228
11000561100056001001041576690049824945648937102008002219782006800038022228
11000561100056001001041576690049824945648937102008002219802003800038022228
11000561100056001001044950580061613777422011102008002119782000800062022228
11000561100056001001044950580061613777422011102008002119782005800062022228
11000561100056001001045341640062881394347597102008001219772003800084022221
11000561100056001001049886290051820232118570102008001219681999800084022221
11000561100056001001050761830056265647053805102008001219852010800006822221
11000561100056001001052395750071926773999922102008001219852008800072422221
11000561100056001001052975730050310684575983102008001219922009800006822221
11000561100056001001055299350051820232118570102008001219772000800082622221
11000561100056001001061348170062502288123769102008001119822006800062022221
11000641100064001001005119050038293198305425102008001119782003800084022221
11000641100064001001006785770054370900724992102008001219852007800062022221
11000641100064001001011285380040563621179693102008002219852005800072422228
11000641100064001001011285380040563621179693102008002219792003800062022228
11000641100064001001011480160052582611137389102008001119792000800084022221
11000641100064001001011480160052582611137389102008001219722000800084022221
11000641100064001001011480160052582611137389102008001219712000800084022221
11000641100064001001017661350047865644507788102008001119862009800025022221
11000641100064001001022701410044135986651502102008002219912008800062022228
11000641100064001001022918790052985289005015102008002119752005800084022228
11000641100064001001025320350050851266418325102008001119842003800084022221
11000641100064001001031066060054984077534669102008001119732005800084022221
11000641100064001001032793860060642424661908102008001119722004800084022221
11000641100064001001034549680046145329231826102008001219922010800084022221
11000641100064001001036506520049719064633676102008001119772006800084022221
11000641100064001001037741970047863164910888102008002219742004800072422228
11000641100064001001038073320055259597451503102008002119782002800084022228
11000641100064001001038422180052017763375188102008001119832003800084022221
11000641100064001001038784280047503711751100102008001119812009800082622221
11000641100064001001040361200061889056885952102008001219662008800062022221
11000641100064001001045569190047280509961979102008001119782010800084022221
11000641100064001001052169580060769699148243102008001219751990800084022221
11000641100064001001053213820057977826193721102008001219622007800084022221
11000641100064001001053213820057977826193721102008001119862007800084022221
11000641100064001001053213820057977826193721102008001119542007800084022221
11000641100064001001058710310047280509961979102008001119872009800062022221
11000641100064001001058913170045997656469327102008002119832005800084022228
11000641100064001001061168380062059656958101102008002119872004800084022228
11000721100072001001019260120049231345375410102008001219792008800038022221
11000721100072001001024560580049231345375410102008001219812007800038022221
11000721100072001001025653430058905345841247102008002119782005800084022228
11000721100072001001025653430058905345841247102008002119762005800084022228
11000721100072001001038461900048085537150044102008002119902010800006822228
11000721100072001001038461900048085537150044102008002219912010800006822228
11000721100072001001041078910038457787547391102008001119882010800062022221
11000721100072001001052363140051912581937343102008002119772004800084022225
11000721100072001001055125160044032604039869102008002119802005800062022228
11000801100080001001000915040045889621750312101002002119842007800052822228
11000801100080001001004831590041908440783880101002001119872009800006822221
11000801100080001001011096860047967653703662101002001219702010800006822221
11000801100080001001011165800076349964089377101002001119252010800006822221
11000801100080001001011165800076349964089377101002001219522010800006822221
11000801100080001001027254440046310316594318101002001219872006800084022221
11000801100080001001027254440046310316594318101002001119852006800084022221
11000801100080001001051729320040353228049923101002002119772005800084022228
11000801100080001001051729320040353228049923101002002119872005800084022228
11000981100098003001004602790168431633138578102006001119792008800038022221
11000981100098003001019156060100596275228759102006001119822005800082622221
11000981100098003001020866580108053443672463102006002219781996800039222228
11000981100098003001029911680075466493707479102006001219972004800084022221
11000981100098003001029911680075466493707479102006001219462009800084022221
11000981100098003001029911680075466493707479102006001219892010800084022221
11000981100098003001044332040110209318776929102006001219692010800072422221
11001061100106003001001481090117765896523798101002001119912009800006822221
11001061100106003001002286310099067495436235101002001119902010800006822221
11001061100106003001004495030113135328895965101002001119862008800006822221
11001061100106003001004495030113135328895965101002001219892009800006822221
11001061100106003001014882870147214961106983101002001119802010800006822221
11001061100106003001019368750152055339352653101002001219782010800006822221
11001061100106003001034228800173271889709163101002001219882009800006822221
11001061100106003001044000920093059905164873101002001119842009800084022221
11001061100106003001051597520090383532685004101002001219822007800038022221
11001061100106003002006290030119256929616200101002001119652010800006822221
11001061100106003002018763740097907533801656101002001219912009800006822221
11001061100106003002021487460090838233411668101002001219502010800006822221
11001061100106003002039617640069881281963208101002001119852009800006822221
11001061100106003002039939130118505651561933101002001219512010800006822221
11001061100106003002052170900111659514449756101002001219912009800006822221
11001061100106003002056354480123993657208737101002001219762004800072422221
11001141100114003001003908590121437799052208102004001119842003800084022221
11001141100114003001004935010120017855139868102004002119702008800072422228
11001141100114003001013944130099752503652829102004002219771998800072422228
11001141100114003001013944130099752503652829102004002219832000800072422228
11001141100114003001014096880073892545273679102004001219872006800072422221
11001141100114003001018026710088010503326230102004001219862005800084022221
11001141100114003001023762190092071984830934102004001119772008800072422221
11001141100114003001026451450125021998984596102004001119832006800062022221
11001141100114003001029925240076363409957119102004002119782006800072422228
11001141100114003001030846120106671553219153102004001219892008800072422221
11001141100114003001031410370097188534297171102004002219862006800072422228
11001141100114003001032788400107181068057358102004002119862005800062022228
11001141100114003001033240860111640498072116102004001219862006800062022221
11001141100114003001035611150101994987256024102004002119882009800062022228
11001141100114003001035611150101994987256024102004002119892008800062022228
11001141100114003001036287300136130615167403102004001219902008800072422221
11001141100114003001036287300136130615167403102004001219862007800072422221
11001141100114003001036901080102556205997767102004002119862008800062022228
11001141100114003001039440570122510098155671102004002119852010800062022228
11001141100114003001049402070051097299573204102004002119832005800084022228
11001141100114003001051766350084538547149779102004001219812009800062022221
11001141100114003001053091720114774690255108102004002119822003800084022228
11001141100114003001053091720114774690255108102004002219842010800072422228
11001141100114003001055231330089288613900652102004001119742006800072422221
11001141100114003001056239560111822601277708102004002119772007800084022228
11001141100114003001056649270101282070444371102004001119791997800039222221
11001141100114003001061668990091853223441707102004001119872005800006822221
11001141100114003002000477270096510102803008102004001119762005800072422221
11001141100114003002000924730074854863155490102004001219882007800006822221
11001141100114003002002445110106522839695268102004001219842007800072422221
11001141100114003002003274230116449666535037102004001119832009800072422221
11001141100114003002003792960160689100397215102004001119742008800062022221
11001141100114003002003835890101174705329572102004001119882006800006822221
11001141100114003002004249740082220068458308102004001119862010800006822221
11001141100114003002004249740082220068458308102004001219872010800006822221
11001141100114003002010057720159447513521568102004001219762004800084022221
11001141100114003002010130780101863422056085102004001219862008800072422221
11001141100114003002011493830086884670984871102004001219862007800072422221
11001141100114003002012905660121390844773956102004001219932009800084022221
11001141100114003002012905660121390844773956102004001219652004800084022221
11001141100114003002014256950100656465297316102004001119792007800072422221
11001141100114003002014457670103324517279821102004001119812007800006822221
11001141100114003002014457670103324517279821102004001119872008800006822221
11001141100114003002014903120101657682915924102004001219842002800062022221
11001141100114003002014903120101657682915924102004001219722000800062022221
11001141100114003002015732400122438523862918102004001219632009800062022221
11001141100114003002015733190092287506894571102004001219782003800084022221
11001141100114003002015733190092287506894571102004001119852006800084022221
11001141100114003002016170660116439859854680102004001119852007800062022221
11001141100114003002019115730072758393185271102004002119842005800072422224
11001141100114003002020465560088436585331902102004001219912010800072422221
11001141100114003002022407180075521701787526102004001219852005800084022221
11001141100114003002024456290096288955621853102004001119832007800072422221
11001141100114003002024626550103601453251476102004002219602006800072422228
11001141100114003002025382460114000049908029102004001219772002800062022221
11001141100114003002026243220087881098775450102004002219791999800020822224
11001141100114003002026243220087881098775450102004002219802002800020822224
11001141100114003002026243220087881098775450102004002219902009800020822224
11001141100114003002026685010106044538616580102004001119732005800072422221
11001141100114003002028688610085366398599107102004002119842005800084022228
11001141100114003002030991520083333367537134102004001119692004800062022221
11001141100114003002031832270079727320434409102004001219872007800072422221
11001141100114003002034417540122409984266306102004001219602003800062022221
11001141100114003002034852900090102107797118102004002219852004800084022228
11001141100114003002035019210108455397296917102004001119782001800084022221
11001141100114003002035019210108455397296917102004001119662004800084022221
11001141100114003002035421890092557760435809102004001119722007800084022221
11001141100114003002035421890092557760435809102004001219902007800084022221
11001141100114003002037106580106635460125260102004001219842005800084022221
11001141100114003002038223580082121657720427102004001119832004800072422221
11001141100114003002038223580082121657720427102004001119862009800072422221
11001141100114003002040287660079186091169467102004001119782007800072422221
11001141100114003002042091910083410942716326102004001219852005800084022221
11001141100114003002045539700137597391827610102004002119842003800072422228
11001141100114003002046779280110004486417803102004002219852004800062022224
11001141100114003002046779280110004486417803102004002219782004800062022224
11001141100114003002048198750084554774288142102004001219892007800062022221
11001141100114003002050771760091835466255488102004001219832004800084022221
11001141100114003002056516840063196003990221102004001219782009800006822221
11001141100114003002058818130091172321765349102004002119532004800084022224
11001141100114003002059757840101725091063762102004001219802007800062022221
11001221100122003001006624410073968186697615102004001119572003800084022221
11001221100122003001012638690083492942626027102004001219902010800006822221
11001221100122003001027468500110682860051070102004001219862008800006822221
11001221100122003001027468500110682860051070102004001219812007800038022221
11001221100122003001027791840074962844582457102004001219722010800072422221
11001221100122003001040701840091726810458272102004001119832009800006822221
11001221100122003001040701840091726810458272102004001119832010800006822221
11001221100122003001040701840091726810458272102004001219902009800006822221
11001221100122003001051172750116220649108613102004001219841999800084022221
11001221100122003001053745120056923226074738102004001119812007800072422221
11001221100122003001054184510126748892575798102004001119812005800072422221
11001221100122003001058428040070737099870461102004001119902010800072422221
11001221100122003002002483850099252329883616102004001119852005800062022221
11001221100122003002009057180056203615564141102004001119722009800082622221
11001221100122003002009600520083378660721557102004001119742005800062022221
11001221100122003002014938320118279405873887102004001119872008800072422221
11001221100122003002016332830118279405873887102004001219762007800062022221
11001221100122003002016332830118279405873887102004001219782007800062022221
11001221100122003002020104350067890519698946102004001119872006800006822221
11001221100122003002020104350067890519698946102004001119892006800006822221
11001221100122003002027965810122236297147854102004001119882007800072422221
11001221100122003002028245340118159047880709102004001219602003800038022221
11001221100122003002029039270071032211125193102004001219652007800072422221
11001221100122003002042263220068136157287911102004001219842006800072422221
11001221100122003002042713470062223306702306102004001119792009800072422221
11001221100122003002050843550109318885707245102004001219722003800062022221
11001221100122003003007056920109099564998958102004001219772001800084022221
11001221100122003003011351600145304091557242102004001119832009800084022221
11001221100122003003012829530081831689498566102004001219842010800072422221
11001221100122003003018265710120534619107782102004001219782006800062022221
11001221100122003003019913260085145924027746102004001119662005800062022221
11001221100122003003019913260085145924027746102004001219602008800062022221
11001221100122003003023027680112885644421592102004001119812001800084022221
11001221100122003003025756300086626764548735102004001219802008800062022221
11001221100122003003031458560119746958864711102004001219672004800072422221
11001221100122003003032386950137317201117513102004001119822008800062022221
11001221100122003003038212730082542342206441102004001119851998800039222221
11001221100122003003049446960130747425754168102004001119762003800062022221
11001221100122003003049868680124672952153464102004001219852004800072422221
11001221100122003003050475550114737820731190102004001119942010800072422221
11001221100122003003052850340080079119559200102004001119782006800072422222
11001221100122003003055638230095596366161002102004001119862006800062022222
11001221100122003003058249050075984269698834102004001219842005800072422221
11001221100122003004022205510122585859819041102004001219742009800084022221
11001221100122003004026723200065663287070699102004001119812006800072422222
11001221100122003004026723200065663287070699102004001119832005800084022222
11001221100122003004027109520135013171752466102004001219342008800072422221
11001221100122003004036585250094785006425130102004001219952005800084022221
11001221100122003004040804190062410374719100102004001119822003800084022221
11001221100122003004047816980108821571761530102004001219812005800072422221
11001221100122003004053721620126802400876614102004001219722008800072422221
11001221100122003004057407420128812619563136102004001219772008800072422221
11001221100122003005000014100093031170212378102004001219782007800072422221
11001221100122003005000961680092438234331275102004002219852006800086222228
11001221100122003005006069380118394342879231102004001219832008800072422221
11001221100122003005011815380080664152887849102004001119732003800072422221
11001221100122003005014950310118564180425262102004001119832009800006822221
11001221100122003005017371470118586425945442102004001219842006800072422221
11001221100122003005026019410069476314731546102004002119862004800084022228
11001221100122003005027783570075818673718895102004002119802005800062022228
11001221100122003005027783570075818673718895102004002219822003800038022228
11001221100122003005034382080100008183191909102004001219882003800084022221
11001221100122003005034878590134590480389308102004001119772005800084022221
11001221100122003005037697880098215852254051102004001219832006800072422221
11001221100122003005037697880098215852254051102004001119692002800084022221
11001221100122003005042185310102260906552280102004002119612004800062022228
11001221100122003005042419480109956964527739102004001219732002800062022221
11001221100122003005046492910148394936325088102004002119862006800062022228
11001221100122003005052554880097582844666764102004002219882006800006822228
11001221100122003005057493310120158814546367102004001219792010800072422221
11001221100122003006000869120087039049818043102004001119652006800084022221
11001221100122003006000893840112775917113219102004001119892003800006822221
11001221100122003006001952630114806584865165102004001119902010800084022221
11001221100122003006002673260085205862183020102004001219691997800084022221
11001221100122003006002934520096100492053746102004001119872010800062022221
11001221100122003006004152840102809247591222102004001219852005800072422221
11001221100122003006004152840102809247591222102004001119852005800072422221
11001221100122003006004152840102809247591222102004001219512007800072422221
11001221100122003006007527950103034340913906102004001219832006800062022221
11001221100122003006008136040121205505125904102004001119852005800072422221
11001221100122003006008816380102895995159685102004001119812005800062022221
11001221100122003006010742860086390237527303102004001219842007800072422221
11001221100122003006011132950078326416650843102004001219792009800062022221
11001221100122003006011132950078326416650843102004001120032009800062022221
11001221100122003006011132950078326416650843102004001119752009800062022221
11001221100122003006016980700124893594049126102004001219822008800072422221
11001221100122003006017278730103377610270498102004001119882001800006822221
11001221100122003006017278730103377610270498102004001219642007800003222221
11001221100122003006017278730103377610270498102004001119502009800003222221
11001221100122003006017299200091976118352189102004001119802005800084022221
11001221100122003006019215130100943567802562102004001219862010800006822221
11001221100122003006021847010124196134334338102004001219902010800084022221
11001221100122003006023634980103377610270498102004001219892005800062022221
11001221100122003006025437450115899558521731102004001119922008800072422221
11001221100122003006026312910124075713705138102004001219782007800072422221
11001221100122003006027889270077643898561060102004001219752006800084022221
11001221100122003006028221290086605300495085102004001119832005800084022221
11001221100122003006030007400106269788327308102004001219862007800072422221
11001221100122003006030007400106269788327308102004001119842006800072422221
11001221100122003006030025350126298457992716102004001219742008800052822221
11001221100122003006030202510112442596745702102004001119802005800025022221
11001221100122003006030251970102374102381746102004001219782004800038022221
11001221100122003006030508110104963195599946102004001119842005800072422221
11001221100122003006030917380105025794188383102004001119852006800072422221
11001221100122003006033948330109719534058897102004001220012003800072422221
11001221100122003006033948330109719534058897102004001219752003800072422221
11001221100122003006037526550122558824948106102004001219882007800006822221
11001221100122003006037723020106668178659821102004001219692004800072422221
11001221100122003006040251860112456247160868102004002219832010800072422228
11001221100122003006044092910105756892123341102004001119652002800062022221
11001221100122003006044092910105756892123341102004001219862002800062022221
11001221100122003006044092910105756892123341102004001219772002800062022221
11001221100122003006046618710086931250340339102004001119772010800072422221
11001221100122003006047058010105905266168303102004001219822007800072422221
11001221100122003006048135380143588478964041102004001119872008800006822221
11001221100122003006048823310100675636225312102004001219752001800062022221
11001221100122003006049804700098464600755666102004001219842010800006822221
11001221100122003006050845310085205862183020102004001120042010800062022221
11001221100122003006053027860110684849113741102004001219732002800072422221
11001221100122003006057025040104249250357457102004001119832003800084022221
11001221100122003006057025040104249250357457102004001119722002800084022221
11001221100122003006057025040104249250357457102004001119702003800084022221
11001301100130003001014860080087590665600665102003001219772004800072422221
11001301100130003001026906600136245601252723102003001219842005800072422221
11001301100130003001027847380110495444066538102003001119812007800072422221
11001301100130003001033983820106108783956157102003001119812005800084022221
11001301100130003001041273830127430589757007102003001119882009800072422221
11001301100130003001044793500068071872891869102003001119812007800062022222
11001301100130003002013286230095034966660401102003002219742005800072422228
11001301100130003002036220960132865259656095102003001219872008800072422221
11001301100130003002036220960132865259656095102003001219852006800072422221
11001481100148001001007465090062688148910386102005001219802007800072422221
11001481100148001001010356270045312555962863102005001219762009800060022221
11001481100148001001010695410047667032482550102005001119912010800006822221
11001481100148001001015405440045427962019762102005001119772010800006822221
11001481100148001001027153860051008766137927102005001219812010800015222221
11001481100148001001027501040056480817909284102005002219802004800062022228
11001481100148001001028800830051431279055130102005001219832010800084022221
11001481100148001001032319410057814255022717102005002119552010800072422228
11001481100148001001034229500055507532508397102005001219782010800006822221
11001481100148001001038247470055206572999883102005002219822005800062022228
11001481100148001001039616350054397881465901102005002119822010800033222228
11001481100148001001045721070045438498395133102005002119612006800038022228
11001481100148001001047477520051908029901465102005001219922007800072422221
11001481100148001001048278360054376425582319102005002119832006800084022228
11001481100148001001056899440061609211023232102005002219812009800072422228
11001481100148001001059123290063760125690043102005002119862007800072422228
11001481100148001001060796890058714904034598102005001219902010800006822221
11001551100155003001000400660132558914126585102004001219862010800006822221
11001551100155003001002163990180733536007342102004002119822003800084022228
11001551100155003001005696640159139529529878102004001219832003800084022221
11001551100155003001020760590054009168595279102004001219832005800084022221
11001551100155003001020760590054009168595279102004001219802001800062022221
11001551100155003001020760590054009168595279102004001219792001800062022221
11001551100155003001021221030099145529691137102004001219862009800062022221
11001551100155003001023970860035433714711542102004002219872008800072422228
11001551100155003001024430150095819652989877102004001219802005800082622221
11001551100155003001033396790089182985965823102004001119722000800062022221
11001551100155003001034546920145514759177163102004001119792005800062022221
11001551100155003001034546920145514759177163102004001119822006800052822221
11001551100155003001044364430084843724175912102004001219912009800072422221
11001551100155003001048159410124153529094999102004001219762009800062022221
11001551100155003001049137360058113497721989102004001219682009800006822221
11001551100155003001049543200106053973286491102004002119842000800084022228
11001551100155003001049543200106053973286491102004002119902009800084022228
11001551100155003001049543200106053973286491102004002219902006800084022228
11001551100155003001050323560105242327817235102004001119862006800082622221
11001551100155003001051846460084738691454817102004001119692007800062022221
11001551100155003001052620520130979427597425102004001219772008800072422221
11001551100155003001054865500142635909216597102004002119812002800084022228
11001551100155003001055015840155752122992732102004001219822002800062022221
11001551100155003001056519620119225035439790102004001219892009800072422221
11001551100155003001056519620119225035439790102004001119872005800072422221
11001551100155003001056519620119225035439790102004001219702007800072422221
11001551100155003001056519620119225035439790102004001119722006800072422221
11001551100155003001056651430124153529094999102004001219862006800062022221
11001551100155003001059507380072608746416919102004002119882010800062022228
11001551100155003001061329620101126837558052102004001219722006800062022221
11001551100155003001061522010106944976306020102004002119812003800084022228
11001551100155003001061845540124230975223597102004001119862008800006822221
11001551100155003002000354610123823446243130102004001119802006800062022221
11001551100155003002002235640093620919388134102004001219862006800006822221
11001551100155003002002235640093620919388134102004001219892010800006822221
11001551100155003002003887180084633279094222102004001219872007800006822221
11001551100155003002004353240127257102439316102004002219702009800084022228
11001551100155003002004353240127257102439316102004002119682007800084022228
11001551100155003002004353240127257102439316102004002119942009800084022228
11001551100155003002004353240127257102439316102004002219922009800084022228
11001551100155003002005121860066819345227663102004001219772005800084022221
11001551100155003002005129510121079890956082102004001119862008800062022221
11001551100155003002005823710071473140616594102004001219822005800072422221
11001551100155003002006529740076960924954166102004002119832009800062022228
11001551100155003002014262500067882860098847102004001119832008800084022221
11001551100155003002014893020127295805669288102004001119852005800084022221
11001551100155003002017893920106667718116676102004001219792007800072422221
11001551100155003002018696500103212607890761102004001119852009800062022221
11001551100155003002020052720084028066747889102004001219892010800072422221
11001551100155003002022804590076153227166392102004001219962008800062022221
11001551100155003002025140480110480150196471102004001119802003800084022221
11001551100155003002027784040124167814907777102004001219762008800062022221
11001551100155003002027784040124167814907777102004001219912009800006822221
11001551100155003002029075780114926663826652102004002219882007800072422228
11001551100155003002029075780114926663826652102004002119842007800072422228
11001551100155003002031106990073447523124683102004001119852007800084022221
11001551100155003002033535350085246860215656102004001119802001800062022221
11001551100155003002033882400044940391925181102004001219712004800072422221
11001551100155003002033882400044940391925181102004001219792008800072422221
11001551100155003002036303470106317767410556102004002119602006800084022228
11001551100155003002043921780076960924954166102004002119872004800084022228
11001551100155003002047436400079001113355798102004001219862005800084022221
11001551100155003002048415390127244898182592102004001219802003800084022221
11001551100155003002050617920071473140616594102004001119802006800082622221
11001551100155003002050617920071473140616594102004001119852009800062022221
11001551100155003002050803670095734164120014102004001219832003800062022221
11001551100155003002050803670095734164120014102004001119582004800084022221
11001551100155003002051981560069160386505344102004001219852004800084022221
11001551100155003002052542940119187628656538102004001119882007800072422221
11001551100155003002055186030091061227522703102004001119812006800084022221
11001551100155003002056542630099527893450161102004001219452005800062022221
11001551100155003002059394920117635005137373102004001119862009800072422221
11001551100155003002059394920117635005137373102004001119672007800062022221
11001551100155003002060196180109438879489079102004001119772007800062022221
11001891100189003001000867770108799198651221102007001119902010800006822221
11001891100189003001048841260100724767576534102007001219731995800072422221
11001891100189003001048841260100724767576534102007001219721998800038022221
11001891100189003001058479340103448135267369102007001219872007800072422221
11001891100189003001061240610153677352885929102007001219672000800038022221
11001891100189003002031376220137110506231887102007001219882009800072422221
11001891100189003002037195130113303943144655102007001219752007800072422221
11001891100189003002042552100152391175228425102007001119612007800039222221
11001891100189003002042552100152391175228425102007001219641989800039222221
11001891100189003002042552100152391175228425102007001119632008800039222221
11001891100189003002043106430114571513655808102007001219892008800006822221
11002051100205004001020032050091182927470321101001001219742010800006822221
11002051100205004001036541610061020388851285101001001219892010800006822221
11002051100205004001052428880129030665719009101001001119742006800072422221
11002051100205004001058123300092635890223443101001001219642002800035222221
11002051100205004002000549680097272135891284101001001219902010800006822221
11002051100205004002018662010069242650697072101001001219652010800006822221
11002051100205004002029920830109317015909280101001001119872010800006822221
11002051100205004002036462600139617637353282101001002219842009800038022228
11002051100205004002038569500188345950755391101001002119792007800062022228
11002051100205004002043164620069624647606371101001002119872008800062022228
11002051100205004002051485880134575523265954101001001219902009800072422221
11002051100205004002059535240138088151476429101001001119922009800006822221
11002051100205004002059535240138088151476429101001001219592002800006822221
11002051100205004003005406320033067774714471101001001119632000800084022221
11002051100205004003010388080206196003690530101001002219772005800072422225
11002051100205004003016850210010000000000018101001002219872006800072422228
11002051100205004003016850210010000000000018101001002219772006800072422228
11002051100205004003018583170149191270055754101001001119852004800072422221
11002051100205004003032180680114142818646196101001001219601977800084022221
11002051100205004003032343770241244455100088101001001219842006800082622221
11002051100205004003044031850010000000000018101001001119862010800006822221
11002051100205004003057642510287271047622254101001001219812004800072422221
11002051100205004004004220200083371582442225101001001219652010800038022221
11002051100205004004007566830104738311835324101001001119602009800062022221
11002051100205004004058325300071794371934061101001001119842007800064222221
11002051100205004005012962310077562830413687101001001219571994800084022221
11002051100205004005024119950070035234217611101001001119742008800072422221
11002051100205004005040616570069288745938390101001001119672008800025022221
11002051100205004005043171090129196015273067101001001119862005800038022221
11002051100205004005058484080087715083016120101001001219802003800039222221
11002051100205004005059208310120279116155085101001001119722008800072422221
11002051100205004006031896510126514583249266101001001119962009800006822221
11002051100205004006039465290051990755524422101001001219772006800072422221
11002051100205004006041624620080506974501173101001001219772007800062022221
11002051100205004007004113040085016443937916101001001219902007800006822221
11002051100205004007008137480062358806707434101001001219852005800082622221
11002051100205004007010550550160941456162432101001001219822010800038022221
11002051100205004007010550550160941456162432101001001119862009800038022221
11002051100205004007010550550160941456162432101001001219832007800038022221
11002051100205004007032997340143186801065572101001001119852006800075622221
11002051100205004007034829010075826756115256101001001219782009800072422221
11002051100205004007038913970103550935062027101001001219872008800006822221
11002051100205004007044094690080872352769288101001001219782005800084022221
11002051100205004008017686640107414010568489101001001119752006800062022221
11002051100205004008049811850100240087696610101001001219822000800057822221
11002051100205004008053662840075386996053389101001001219872008800006822221
11002051100205004009038058920131710555867726101001001119682008800084022221
11002051100205004010038216200106140096718901101001001119522006800032822221
11002051100205004011020022320116130120348454101001001119782000800062022221
11002051100205004011040849240115113906577107101001001219772010800062022221
11002051100205004011046367780107421088070675101001001219862010800006822221
11002051100205004011048464380117496765381590101001001119872010800006822221
11002051100205004012034466470073372341983591101001001219822008800072422221
11002051100205004012040067480094543955815634101001001219872009800084022221
11002051100205004012042053660131797924729579101001001119432009800006822221
11002051100205004012055357280059486615018207101001001119692008800071022221
11002051100205004012060962550105469980707340101001001119841996800072422221
11002051100205004013020787790115250824066983101001001119801996800084022221
11002051100205004013020876760090859506988770101001002219822005800084022228
11002051100205004013020876760090859506988770101001002219792005800082622228
11002051100205004013042096920089359781355750101001001119692010800064322221
11002051100205004013047251310105266831112306101001001219812009800037222221
11002051100205004014001359590086495892385769101001001219812010800060422221
11002051100205004014005213150117183054500381101001001219782007800062022221
11002051100205004014021745390075227557907616101001001119902003800025022221
11002051100205004014045127180080955636332167101001001119642004800062022221
11002051100205004014047718170114236151112148101001001219802009800084022221
11002051100205004014047718170114236151112148101001001219791997800048422221
11002051100205004014050382030064592127209120101001001219882009800072422221
11002051100205004015002012320093457935536620101001001219732007800072422221
11002051100205004015014445050092594256433197101001001219832010800072422221
11002051100205004015022267210100357896716729101001001219902010800006822221
11002051100205004015022267210100357896716729101001001119922010800006822221
11002051100205004015031451150071688722762635101001001119892010800012422221
11002051100205004015032159710123454927325433101001001299999999800062021121
11002051100205004015032159710123454927325433101001001199999999800099821111
11002051100205004015044990920108730220878105101001001219762006800025022221
11002051100205004015049331600067164843232178101001001219812004800072422221
11002051100205004015051898050071014282620818101001001219502010800084022221
11002051100205004016012126750087618039325855101001001219792005800072422221
11002051100205004016015511450081884400264889101001001219862010800025022221
11002051100205004016025284160098436415059560101001001219882007800039222221
11002051100205004016028014430112943696156210101001001119752008800072422221
11002051100205004016034744920209160194372116101001001119562010800025422221
11002051100205004017038823760105279012133806101001001219592000800062022221
11002051100205004017046553040128724980515242101001001119762008800071022221
11002051100205004017048891400118966811952530101001001119802009800072422221
11002051100205004017053619600119381132821885101001001219802006800062022221
11002051100205004017061221580136813811978259101001001219832005800068222221
11002051100205004018009606600107191450647139101001001119502010800006822221
11002051100205004018032883470105905446497299101001001119802003800082622221
11002051100205004019002046100070112089059026101001001119882010800006822221
11002051100205004019005828350122197023790403101001001219862009800002422221
11002051100205004019013025230145530540478776101001001119652006800006822221
11002051100205004019015597230087037232611554101001001219622007800072422221
11002051100205004019025870070103447127756091101001001219822010800005622221
11002051100205004019030527500111666787607589101001001119741998800084022221
11002051100205004019044748850095411915098642101001001219822009800084022221
11002051100205004020016667900098581752908403101001001119822007800025022221
11002051100205004020032556130100520881771890101001002219962008800072422228
11002051100205004020032556130100520881771890101001002120012008800072422228
11002051100205004020037440040111641141132979101001002219602006800027622228
11002051100205004021007000980119986488663858101001001219802009800012422221
11002051100205004021021828800095424861891939101001001219692004800062022221
11002051100205004021042784220129733915736177101001001219782007800062022221
11002051100205004022006038690043345268503977101001001119842007800017022221
11002051100205004022010834680100046542980887101001001119792010800017022221
11002051100205004022015553600054030551014372101001001119562010800032822221
11002051100205004022017944110082177104217274101001001119732005800062022221
11002051100205004022019266450101674475979719101001001219912009800072422221
11002051100205004022034070820099844431477542101001001219852008800062022221
11002541100254001001008953300113474290356523102004002119802008800062022228
11002541100254001001008953300113474290356523102004002119882008800062022228
11002541100254001001010878590112504561136808102004002219752005800084022228
11002541100254001001017556640018688247996184102004002119752009800060422228
11002541100254001001017945920096151496993179102004001219782007800062022221
11002541100254001001022054770105656680211689102004001219772004800062022221
11002541100254001001022558920087414392779742102004001219822006800072422221
11002541100254001001031140740098723812510492102004001119802000800075622221
11002541100254001001035822080107392899351574102004001219832010800072422221
11002541100254001001035822080107392899351574102004001119742000800072422221
11002541100254001001043776690097461433404875102004001219892006800039222221
11002541100254001001043776690097461433404875102004001219692004800039222221
11002541100254001001047607600097687906109490102004001119662006800072422221
11002541100254001001052225180086228679005271102004002219652008800038022228
11002541100254001001059504310108108306575342102004002119812007800012422228
11002621100262001001059401320037870387705592102003001119832009800071022221
11002881100288003001026134790097212754126606102006001219902008800006822221
11002881100288003001030974220089046178550060102006001119749999800084022121
11002881100288003001030974220089046178550060102006001219789999800084022121
11002881100288003001030974220089046178550060102006001219819999800084022121
11002881100288003001030974220089046178550060102006001119759999800084022121
11002881100288003001030974220089046178550060102006001219769999800084022121
11002881100288003001030974220089046178550060102006001219829999800084022121
11002881100288003001030974220089046178550060102006001119779999800084022121
11002881100288003001030974220089046178550060102006001119799999800084022121
11002881100288003001030974220089046178550060102006001119839999800084022121
11002881100288003001030974220089046178550060102006001119842007800084022221
11002881100288003001030974220089046178550060102006001219809999800099822111
11002881100288003001033936780122960954171445102006001219632004800072422221
11002881100288003001035266620135740870685595102006001119882006800072422221
11002881100288003002004280840090758078364800102006001219782010800062022221
11002881100288003002020052200129590729295117102006001219872005800084022221
11002881100288003002027405960104723479451286102006001119822010800006822221
11002881100288003002028170660103077672898111102006001119672004800062022221
11002881100288003002043860670103822612963708102006001219872010800006822221
11002881100288003002046262440095581419991342102006001119542010800006822221
11002881100288003002058738120104800934912451102006001219902008800006822221
11002961100296001001002278950065155697601048102006001219842008800062022222
11002961100296001001003166400035299496164512102006001119872001800084022222
11002961100296001001003268240051009884040153102006002119882007800072422228
11002961100296001001004328590044161693803124102006002119882008800062022228
11002961100296001001011695990051015385073030102006002219782010800072422228
11002961100296001001011695990051015385073030102006002119822008800075622228
11002961100296001001013614890051317288573627102006001119882010800062022222
11002961100296001001013614890051317288573627102006001219902010800062022222
11002961100296001001021864300045725124159017102006001219642002800084022221
11002961100296001001022654890078959093086658102006002219892006800084022228
11002961100296001001027659720039441752057043102006002119742003800062022228
11002961100296001001029185900048279793330971102006001119862007800062022221
11002961100296001001031161020067369990282737102006001219802002800084022221
11002961100296001001032149150048398733021243102006001219842009800062022221
11002961100296001001033852560052709191101670102006001219822005800084022221
11002961100296001001034236590048403967283245102006001119822009800062022221
11002961100296001001035242220062068120532497102006001119872007800072422221
11002961100296001001042501050050690420927853102006001219862009800062022222
11002961100296001001055707640046403839978157102006002119812003800072422228
11002961100296001001059445400042030493758752102006001119902010800084022221
11002961100296001001061618670052770103314318102006001219922010800006822221
11003041100304003001007192680056301892382418102007001219902007800062022221
11003041100304003001009809320106723690229939102007001219882005800072422221
11003041100304003001009809320106723690229939102007001219842005800072422221
11003041100304003001012696140109822410909966102007001219632006800062022221
11003041100304003001041771180100523016790370102007001119842009800072422221
11003041100304003001042108790133002540964870102007001219622008800072422221
11003041100304003001043679040095790449490251102007001119792003800084022221
11003041100304003001057439380120937256674891102007001119842009800038022221
11003041100304003002003069640114266335041948102007001219912009800062022221
11003041100304003002017607020106550485439496102007001219892009800072422221
11003041100304003002025210730127536521640998102007001219842009800025022221
11003041100304003002032929720101357125223180102007001219792005800072422221
11003041100304003002033216290097898669859180102007001219872008800072422221
11003041100304003002039050420098763209638146102007001119722010800084022221
11003041100304003002057033250118450267522460102007001219722000800062022221
11003041100304003002058021610096713915562115102007001119782005800084022221
11003041100304003002060402000104259601299396102007001219702006800084022221
11003041100304003003007930470097967574605974102007001219682006800075622221
11003041100304003003015160830088287258847178102007001119862004800072422221
11003041100304003003017957220101532767009084102007001219732000800057822221
11003041100304003003019153740089086304040604102007001119672007800072422221
11003041100304003003033787750079897580758840102007001219622008800072422221
11003041100304003003035792670083570849050041102007001219822000800006822221
11003041100304003003038675040087885395561275102007002119772009800038022228
11003041100304003003039276090107109671744938102007001219922009800072422221
11003041100304003003043384270099805026800096102007001219622006800072422221
11003041100304003003044422320104387662091047102007001119812007800072422221
11003041100304003003054173870111193240343621102007001119842008800082622221
11003041100304003003056903350108313005327898102007001219762004800084022221
11003201100320001001012307470095139982254399102005002119812000800039222228
11003201100320001001012307470095139982254399102005002119832003800039222228
11003201100320001001013151990108737027694238102005001219822004800072422221
11003201100320001001019464560130328500717001102005002219822007800072422228
11003201100320001001019464560130328500717001102005002219842009800072422228
11003201100320001001019464560130328500717001102005002119802008800072422228
11003201100320001001019464560130328500717001102005002219792009800072422228
11003201100320001001019464560130328500717001102005002219772008800072422228
11003201100320001001019464560130328500717001102005002219662008800072422228
11003201100320001001025521990062762668312966102005002219742007800062022228
11003381100338001001031370730129469853168934101001001219922008800039222221
11003381100338001001038387700099472239877346101001001119992009800062022221
11003381100338001001042140200081572406051698101001001119912010800006822221
11003381100338001001045530250109111341189439101001001119902010800006822221
11003381100338001001060538180134118707424367101001002219912006800062022228
11003461100346001001005567650059576304625481102005002119752005800084022228
11003461100346001001010904990049960044736192102005001120042010800062022221
11003461100346001001010904990049960044736192102005001219962010800062022221
11003461100346001001035900350041661466032365102005001219822005800072422221
11003461100346001001040888230050865300761422102005001219862008800072422221
11003461100346001001040888230050865300761422102005001119802010800072422221
11003461100346001001040888230050865300761422102005001219872007800072422221
11003461100346001001041777160053612087381204102005002119762007800072422228
11003461100346001001043197830038196485312456102005002119782005800084022228
11003461100346001001046012560049321763038399102005002219802000800072422228
11003461100346001001046012560049321763038399102005002119812002800072422228
11003461100346001001052557220041938610473761102005001219782008800005622221
11003461100346001001057331610062261922252385102005002119812007800072422228
11003791100379001001001949540078268453611179102006002219862008800062022228
11003791100379001001017050110046300470990389102006001299992008800035621221
11003791100379001001019364680040744804780438102006002119632007800072422228
11003791100379001001019364680040744804780438102006002219762008800072422228
11003791100379001001026182020063385907797267102006002119852007800062022228
11003791100379001001026678180061938442102974102006002119862009800025022228
11003791100379001001036206240045880290896162102006001119812008800062022221
11003791100379001001043368270051403593894047102006002219882010800062022228
11003791100379001001049409530047830298529068102006001119812005800062022221
11003791100379001001057107740062324149681796102006001119842005800084022221
11003791100379001001060822210076910592791541102006002219842009800062022228
11004031100403001001008534760055765964596778102003001219732007800084022221
11004031100403001001019191990046158127391356102003002219902010800072422228
11004031100403001001020420020038860670455234102003001219602003800084022222
11004031100403001001035909650042556487999967102003001219922010800062022222
11004031100403001001039010700047330425741495102003002219792005800072422228
11004031100403001001040043970051910978875313102003001119652004800084022221
11004031100403001001043864460065523826882076102003001119912010800006822221
11004031100403001001051287960045784017424234102003002219872010800072422228
11004031100403001001055769140064860862810462102003001219702010800072422222
11004031100403001001056090010062472568439916102003001119872010800006822222
11004031100403001001058487050051492645416448102003001219872009800072422222
11004031100403001001061677260063588181340808102003001219772005800084022221
11004031100403001001061825290050294987595596102003001219902006800006822221
11004521100452003001003005710081417841770959101001002219852009800025022228
11004521100452003001005030490058458897431446101001002219792006800062022228
11004521100452003001021771750083625708880410101001001219842010800072422221
11004521100452003001027746340123572751371069101001001119742005800084022221
11004521100452003001029961080097719444440421101001001119882003800084022221
11004521100452003001057718380104353795227351101001001119882010800072422221
11004521100452003001061388350106283078088651101001001119562010800072422221
11004521100452003001061583730115211920728065101001001219782000800082622221
11004521100452003002003739830107261303946483101001002119842010800048422228
11004521100452003002013686770137172562246555101001001119802004800084022221
11004521100452003002015142820130866191369449101001002119762005800084022228
11004521100452003002042761420042135749840316101001002119832007800072422228
11004521100452003002042761420042135749840316101001002119782005800072422228
11004521100452003002044707570128761512329764101001001119852005800084022221
11004521100452003002052342090109732075960999101001002119882006800084022228
11005021100502001001002072380064652431521638102006002219681990800084022228
11006011100601001001004210260037119022969024102003001119702007800072422221
11006011100601001001007406690023726856667650102003001219802006800072422221
11006011100601001001011224770024808430028376102003002119842008800062022228
11006011100601001001035305600027389347450760102003002119802005800084022228
11006011100601001001052804310026669054373335102003002119912008800072422228
11006011100601001001059461330035873958698502102003002219852007800006822228
11006011100601001001059461330035873958698502102003002119802007800062022228
11007001100700001001005713690062009608270650101001002119852002800072422228
11007001100700001001006898530068689240808299101001002119872005800084022228
11007001100700001001006898530068689240808299101001002119862005800084022228
11007001100700001001019441830044618041291392101001002119862005800084022228
11007001100700001001019441830044618041291392101001002119752007800084022228
11007001100700001001031407180048450875710367101001002119852007800082622228
11007001100700001001031407180048450875710367101001002119882010800084022228
11007001100700001001036204680069360129715440101001002119792005800072422228
11007001100700001001036874160070574832373499101001001119842007800072422221
11007001100700001001040053610058152418962157101001002219882007800055422228
11007001100700001001042625990060580925039127101001002119772007800072422228
11007001100700001001042625990060580925039127101001002119802004800084022228
11007001100700001001054466330065426062703087101001001219832007800072422221
11007001100700001001059459250049816138162548101001002219872005800062022228
11007001100700001001060096900075464912733856101001001219822005800072422221
11007001100700001001060096900075464912733856101001001120002008800072422221
11008091100809001001015670680039397099717017101001001219902010800006822221
11008091100809001001031966850049138703121999101001001119862010800025022221
11008091100809001001031966850049138703121999101001001219752006800082622221
11008091100809001001031966850049138703121999101001001119762000800084022221
11008091100809001001031966850049138703121999101001001119772005800084022221
11008091100809001001042441470062847860952253101001002219842010800062022228
11008091100809001001059367840058580611860838101001001219862009800062022221
11008091100809001001059367840058580611860838101001001219872008800062022221
11009081100908001001019703940042458350537793102006001219862003800062022221
11009081100908001001029810660012058771461003102006002119812006800062022228
11009241100924001001010267530026635277482070102007002219711989800084022228
11009241100924001001014298630028715439895011102007002119782010800082622228
11009401100940001001007943830049655680681816101001001219912010800006822221
11009401100940001001015151140036656355913812101001001219882002800072422221
11009401100940001001025670610068804211839078101001001219862010800025022221
11009401100940001001027252190049393508317980101001002119802006800084022228
11009401100940001001028793250045509716031330101001002119692003800084022228
11009401100940001001036999990064378373091238101001002219802002800075622228
11009401100940001001036999990064378373091238101001002219852005800075622228
11010051101005001001014847530055424582553961102004002119892008800006822228
11010051101005001001022576410046018216104482102004002119872005800084022228
11010051101005001001026932050078458512033604102004001119892010800099922221
11010051101005001001032157770046379255665316102004002219842006800072422228
11010051101005001001032275280076903112789833102004002219832003800072422228
11010051101005001001036001810038901427055089102004002119852010800025022228
11010051101005001001045073430060040765461785102004002219782004800084022228
11010051101005001001046430910048868501373903102004002119802006800084022228
11010051101005001001051581350050641560534072102004001119912010800006822221
11010051101005001001053831590068508448172612102004002119792004800084022228
11010051101005001001055437600052651507900869102004002119932009800072422228
11010051101005001001057718570044338621640746102004002219962004800062022228
11010051101005001001057718570044338621640746102004002219622004800062022228
11010051101005001001057718570044338621640746102004002119682004800062022228
11010051101005001001057718570044338621640746102004002219992004800062022228
11011041101104001001013618180058190107803671101001001119852010800064222221
11012031101203001001011021160053404701066642102006001219882007800062022221
11012031101203001001020915860060173701662527102006002219782007800072422228
11012031101203001001022671830036837999818898102006001219872010800006822221
11012031101203001001026056060043405513301522102006002119832007800072422228
11012031101203001001033747580047423223919270102006002219802002800025022228
11012031101203001001044665670041750347846940102006002119872006800072422228
11012031101203001001057458910040929375297979102006001219862010800006822221
11013021101302001001002696810045777786267865102004002119872005800072422228
11013021101302001001006023660052825213810097102004002119712010800084022228
11013021101302001001006220300045340097103487102004002219822008800006822228
11013021101302001001006606990037958067446196102004001119872006800084022221
11013021101302001001009728430040414616158611102004002219892007800072422228
11013021101302001001010491170067809784108053102004002119752007800084022228
11013021101302001001020157930037958842669637102004001219922008800072422221
11013021101302001001021717220058701319829216102004002119842007800072422228
11013021101302001001022234630052559412162992102004001219632000800075622221
11013021101302001001023805930056117523453719102004002219772003800072422228
11013021101302001001030577280052705111776814102004002119862007800072422228
11013021101302001001038839920038795118983293102004002119882007800072422228
11013021101302001001040267220041986267730067102004002119802005800006822228
11013021101302001001041079670052705111776814102004002119852005800072422228
11013021101302001001042506550042967472159999102004002119822009800062022228
11013021101302001001042506550042967472159999102004002119712010800062022228
11013021101302001001043238190050079519798608102004001119772000800006822221
11013021101302001001045591420043633190080698102004002219702005800062022228
11013021101302001001046635030030592873844946102004001119852005800084022221
11013021101302001001046635030030592873844946102004001219872007800038022221
11013021101302001001047282890043230651975112102004001219842003800084022221
11013021101302001001050323620042705564381279102004001119852006800062022221
11013021101302001001051182470051392045375983102004002219982010800072422228
11013021101302001001052346850041609771133590102004002219882007800025022228
11013021101302001001054577150039300098444152102004001119902009800006822221
11013021101302001001054577150039300098444152102004001219922009800006822221
11013021101302001001055711600059408600983792102004002119862004800084022228
11013021101302001001061556210074933731217681102004001119822002800062022221
11014011101401001001003310050059385039464374102003001219841998800072422221
11014011101401001001012766680035271159926902102003001119822006800072422221
11014011101401001001015821950053193949717411102003001219922010800006822221
11014011101401001001017053020045431220747274102003001219822008800072422221
11014011101401001001021708470060378863516256102003001119862005800084022221
11014011101401001001028749360050351268204289102003001219772004800072422221
11014011101401001001037793430057079981013446102003002219762004800062022228
11014011101401001001039974140051877756350557102003002219731995800084022228
11014011101401001001041578470050440386605835102003002119862008800072422228
11014011101401001001042818140052320938778930102003001219802000800084022221
11014011101401001001043630680060294906660930102003001119842005800072422221
11014011101401001001044953270065347721268261102003001219742003800062022221
11014011101401001001046458480033945937944712102003001119872009800072422221
11014011101401001001046987670030943567277654102003001119732005800084022221
11014011101401001001050085660045676525818956102003001119772002800084022221
11014011101401001001050303460056078256891966102003001119792003800084022221
11014351101435001001006568350015838995652786102004002119892009800062022228
11014351101435001001006568350015838995652786102004002119862006800062022228
11014351101435001001006568350015838995652786102004002119842007800062022228
11014351101435001001013492160032797703962684102004002219852005800062022228
11014351101435001001015117920029523417289611102004001219862007800062022221
11014351101435001001017899170029326833535751102004002119742001800062022228
11014351101435001001018539680032563387185418102004002219822006800062022228
11014351101435001001021226400036917173475144102004002119832008800062022228
11014351101435001001023665110040435974290650102004002219802002800062022228
11014351101435001001023665110040435974290650102004002219812004800062022228
11014351101435001001026085060036104802550231102004002119852007800062022228
11014351101435001001029616790030589992422967102004002119822007800072422228
11014351101435001001033960470033018955166888102004002119782005800084022228
11014351101435001001036584530031314237693049102004001119702009800037222221
11014351101435001001038394410032770214944449102004001119722009800062022221
11014351101435001001038548740026905350943607102004002119872010800062022228
11014351101435001001041219210033297033034331102004002119842008800062022228
11014351101435001001045581770029245266001797102004001219812008800062022221
11014351101435001001046473320024281420804317102004002219802008800084022228
11014351101435001001051250010038235737987059102004002119672003800075622228
11014351101435001001054106470030198883459377102004002219972008800062022228
11014351101435001001057076160031631583397079102004002119852008800062022228
11014351101435001001058524050035767618976420102004002120012005800062022228
11014351101435001001058524050035767618976420102004002219902005800062022228
11014351101435001001058524050035767618976420102004002219692003800062022228
11014351101435001001059608120036556304350351102004002119842009800062022228
11014351101435001001059611090027747002019435102004002119852007800062022228
11014351101435001001060030530026895348390626102004002119892008800006822228
11014351101435001001060077880033710428470550102004002119832010800062022228
11014501101450001001008780780028652812835946102007002119882004800084022228
11014501101450001001008780780028652812835946102007002119872003800084022228
11014501101450001001038281620029754402379567102007002119892007800039222228
11014681101468001001008211000019578292556514102008001119812009800006822221
11014681101468001001018371110019464165518512102008002219832005800038022228
11014681101468001001031973770019592161682729102008001119742004800084022221
11014681101468001001032770770016733469344008102008001119542004800084022221
11014681101468001001033200220023326468484053102008001119972008800062022221
11014681101468001001033200220023326468484053102008001119792006800062022221
11014681101468001001033200220023326468484053102008001219772010800062022221
11014681101468001001033200220023326468484053102008001220012008800062022221
11014681101468001001044779010013266808192940102008002219952010800006822228
11014761101476001001027847010034694928896223102007001219832009800005622221
11014761101476001001036878750022920145278793102007002219792009800006822228
11014841101484001001021646180032732185616236102007002119912008800072422225
11014841101484001001042791880036515482713007102007002219842006800062022228
11014841101484001001042791880036515482713007102007002119782005800062022228
11014841101484001001056772050028025752752400102007001219822002800062022221
11014921101492001001005251250044956201473660101002002219682005800036022228
11014921101492001001020293700048168868376662101002001219862009800062022221
11014921101492001001022528940061685843059885101002001219922009800006822221
11014921101492001001027052960061487462390396101002001219762008800006822221
11014921101492001001029066080055398282810310101002001219912010800006822221
11014921101492001001036346210051749217548634101002001119772009800084022221
11014921101492001001042917610048349863511928101002001219771996800039222221
11014921101492001001043647980046367978194945101002001119892010800006822221
11015001101500001001004732450046802549028856102005001219812009800082622221
11015001101500001001007491310045559316999285102005001119832007800072422221
11015001101500001001022043350051021200915037102005002119852009800082622228
11015591101559001001003206090029598559856260102004001219822010800062022221
11015591101559001001007416320029870940660478102004002119752010800062022228
11015591101559001001016626980032365645893942102004002219882002800072422228
11015591101559001001016626980032365645893942102004002219662002800072422228
11015591101559001001016642990035436479200991102004002119882008800062022228
11015591101559001001018851430029187155738605102004002219722006800084022228
11015591101559001001019645050036395656385938102004002119852005800084022228
11015591101559001001021579390021927971818254102004001219702004800084022221
11015591101559001001031018310020177260251089102004001119842006800062022221
11015591101559001001034143610024442411482277102004002219722006800062022228
11015591101559001001044158600031479139228833102004001119882007800072422221
11015591101559001001044408620033552058000939102004002119892008800006822228
11015591101559001001047041010035073565327538102004002219912010800006822228
11015591101559001001048299070024000279179063102004002119902008800062022228
11015591101559001001049782380033298924743694102004001119892008800062022221
11015591101559001001055842030029598559856260102004001119722002800084022221
11015591101559001001057911790029150257727733102004002219822008800062022228
11015591101559001001058083520044569189684020102004002119892006800072422228
11016091101609001001002997270058100525338977102004002119832005800084022228
11016091101609001001004156090078893603224528102004002219892006800072422228
11016091101609001001008312740049824147620864102004002119822010800062022225
11016091101609001001008979380067228678547929102004002219692004800084022228
11016091101609001001043354090064257201522103102004002219842007800072422228
11016091101609001001044932240059441755097065102004002119602005800062022228
11016091101609001001047213820067068788995731102004002119722003800072422228
11016091101609001001047213820067068788995731102004002119782000800072422228
11016091101609001001049555230049997528712560102004002219892008800006822228
11017081101708001001003726520043211817611660102004001219792005800084022221
11017081101708001001003726520043211817611660102004001219752008800084022221
11017081101708001001003726520043211817611660102004001219772002800084022221
11017081101708001001006574090060692381000123102004001119822008800062022221
11017081101708001001006779120061685792242812102004002119802009800062022228
11017081101708001001006779120061685792242812102004002119832006800062022228
11017081101708001001007184500052422171123674102004002119752004800062022228
11017081101708001001008243910069201435166368102004001219732007800072422221
11017081101708001001014258010036839696570171102004001219792004800062022221
11017081101708001001014806130048367868241474102004001219822004800084022221
11017081101708001001016458410050647673735264102004002119802004800072422228
11017081101708001001019194360038325884097844102004002119742002800084022228
11017081101708001001024998640045899399816475102004002219832003800062022228
11017081101708001001024998640045899399816475102004002119822006800072422228
11017081101708001001028460630032496248851646102004002119812004800084022228
11017081101708001001028460630032496248851646102004002119752000800084022228
11017081101708001001028460630032496248851646102004002219872005800062022228
11017081101708001001030624650043648386300382102004001219822008800072422221
11017081101708001001031704150060697701617047102004002119862006800062022226
11017081101708001001031704150060697701617047102004002119872008800062022226
11017081101708001001034779900050851434458681102004001119752007800005622221
11017081101708001001036648960050647673735264102004002119842006800072422228
11017081101708001001037899030046925399139958102004002119602009800006822228
11017081101708001001040124760053649396927993102004002219832006800072422228
11017081101708001001042138230056590609196986102004002119882007800072422228
11017081101708001001045000000039172735924721102004002219802005800062022228
11017081101708001001045000000039172735924721102004002219812000800062022228
11017081101708001001046675460057562643812275102004002119782004800084022228
11017081101708001001046761550058498417581185102004002119822006800062022228
11017081101708001001048936730050140373174207102004001119792009800062022221
11017081101708001001052919140043534095997490102004002119672003800062022228
11017081101708001001056447160037755217129687102004002119882007800072422228
11017081101708001001056447160037755217129687102004002119872009800062022228
11017081101708001001057761560050862199334272102004002119882008800072422228
11017081101708001001059570820041252626649871102004002119882007800072422228
11017081101708001001061748450032182535611642102004002119742000800039222228
11017571101757001001012694940046132836541923102003002119852006800082622228
11017571101757001001012694940046132836541923102003002119782006800082622228
11017571101757001001013257200038073555797106102003002119842005800084022228
11017571101757001001025127140054142121060121102003001219702010800025022221
11017571101757001001047651210051985169354175102003001119842010800006822221
11017571101757001001051593210048518834220767102003002119822005800084022228
11018071101807001001002861620055563674451472102004002119852007800038022228
11018071101807001001004444410029966028081349102004002219842007800006822228
11018071101807001001005166730032170257374274102004002119802005800084022228
11018071101807001001005166730032170257374274102004002119692004800084022228
11018071101807001001005166730032170257374274102004002119772004800062022228
11018071101807001001006733090032266158442461102004002119702000800084022228
11018071101807001001010956770049317196109310102004002119872008800062022228
11018071101807001001010956770049317196109310102004002119862006800084022228
11018071101807001001010956770049317196109310102004002119722005800084022228
11018071101807001001010956770049317196109310102004002119802007800062022228
11018071101807001001018214750054352668004117102004002119942008800062022228
11018071101807001001018214750054352668004117102004002119942008800062022228
11018071101807001001019246540052997333159718102004001119682006800027622221
11018071101807001001021633830040649298532731102004002119822007800072422228
11018071101807001001024502760065014488720694102004002119812010800033222228
11018071101807001001026091170049298518067107102004002119862005800062022228
11018071101807001001028020210059949760449384102004002119782001800084022228
11018071101807001001030958790064316388161902102004002119812007800062022228
11018071101807001001030958790064316388161902102004002119832008800062022228
11018071101807001001033573480052196614996882102004002219902004800062022228
11018071101807001001033573480052196614996882102004002119872008800062022228
11018071101807001001040102330064848895489885102004002119872005800084022228
11018071101807001001042289070044098725521744102004002219852006800062022228
11018071101807001001043234120053964012123432102004002119812004800062022228
11018071101807001001043951140040427857443084102004002119761998800084022228
11018071101807001001050998870052641019389271102004002119832003800084022228
11018071101807001001050998870052641019389271102004002219812009800084022228
11018071101807001001055943580047897086020518102004001119762005800084022221
11018071101807001001057396380044857967917343102004002119722004800062022228
