12000131200013001001003679070020799672127168102004001071057  22221
12000131200013001001010217860046838804723955102004002102042  22228
12000131200013001001014915030052666592121431102004001081019  22221
12000131200013001001025208710046837939943848102004002112076  22228
12000131200013001001025753820047407126383836102004002091035  22228
12000131200013001001028310980040203932332577102004001111022  22221
12000131200013001001035227830050559795811268102004002121061  22228
12000131200013001001048675360045355327669111102004002031038  22228
12000131200013001001052466930046643176659459102004002112024  22228
12000131200013001001059170790047972403094133102004001102   0022221
12000541200054001001003250070031013922212533102005001052016  22221
12000541200054001001008022210042398976435080102005002071065  22228
12000541200054001001023017700032140380149209102005001061063  22221
12000541200054001001027092550029722088751820102005002092056  22228
12000541200054001001049153890026240074138209102005001031086  22221
12000541200054001001050006830035438742399176102005001112075  22221
12000541200054001001061374500036076032621118102005001071064  22221
12001041200104001001015350750126654550847760102005001031037  22221
12001041200104001001028109100098456477364625102005001092072  22221
12001041200104001001029078330121795194523013102005001041   0122221
12001041200104001001034728240101338221551672102005001041   0422222
12001041200104001001036747850099638748148765102005002111068  22228
12001041200104001001037132870144559142170863102005001122105  22221
12001041200104001001041679070086729415766771102005001121085  22221
12001041200104001001041878100088712666357785102005001111039  22221
12001041200104001001042712560135413118814226102005001021028  22221
12001041200104001001045746630079798022310530102005001121075  22221
12001041200104001001046481660126444193619781102005002091084  22228
12001041200104001001047978290128999861469200102005001101032  22221
12001041200104001001059790100072100527341400102005001112074  22221
12001041200104001001060846490123073406705777102005002101067  22228
12001381200138001001018853670025583895860756102004001012034  22221
12001381200138001001019508180032872559266240102004002042065  22228
12001381200138001001023905500033490376336155102004002061020  22228
12001381200138001001030867150019923509291949102004001061041  22221
12001381200138001001050742150029731281064743102004002122090  22228
12001381200138001001051765270030820798241838102004002082083  22228
12001381200138001001060609230025926787778460102004001021082  22221
12001791200179001001024980010034476375831691102004002101032  22228
12001791200179001001026271190040854528744866102004002032058  22228
12001791200179001001029642180050035867272477102004001011025  22221
12001791200179001001048241240056136204338654102004002012094  22228
12001791200179001001048721790056700942604727102004002042055  22228
12002031200203003001010858600091002969257896101001001122089  22221
12002031200203003001016110900100454199856179101001001101   0122221
12002031200203003001017235730053985968429981101001001042085  22221
12002031200203003001051186520121448992855982101001001051   0022221
12002031200203003001059400980178051400041209101001002082   0222228
12002031200203003002001427510129804163634319101001001101085  22221
12002031200203003002002225850072622866565928101001001102052  22221
12002031200203003002008017930110211528926622101001001111007  22221
12002031200203003002020494020080765321981190101001001102   0022221
12002031200203003002020697900069997055180407101001001031003  22221
12002031200203003002022887450101924865608095101001001061021  22221
12002031200203003002025204300109778322176073101001001021056  22221
12002031200203003002030321630118307126742081101001001011029  22221
12002031200203003002034489810101342597240115101001001041076  22221
12002031200203003002037761050156895795940844101001002082008  22228
12002031200203003002039512700134451195630716101001002021081  22228
12002031200203003002040583500059743109550065101001001041076  22221
12002031200203003002040587610106132837121610101001001052057  22221
12002031200203003002061058250101316465942186101001001041092  22221
12002031200203003003004581930102653742662353101001002042   0722228
12002031200203003003013283920089482165137368101001002091058  22228
12002031200203003003022108080094505527290470101001001061019  22221
12002031200203003003026762500130164162954203101001001011040  22221
12002031200203003003038972590096296227635995101001001021   0822221
12002031200203003003059193760106756179647486101001002011050  22225
12002031200203003003060219610084508066630835101001002041023  22228
12002521200252001001001302610067882469223720102005001121   0122221
12002521200252001001001611630045391828618020102005002011080  22228
12002521200252001001015314260052360043345065102005001021039  22221
12002521200252001001026491850049786909458012102005001032076  22221
12002521200252001001028567780051491326140885102005001071055  22221
12002521200252001001030553480062269088899538102005001042052  22221
12002521200252001001033006440047504010797194102005001101074  22221
12002521200252001001033817260055910376309394102005001121080  22221
12002521200252001001036819460039355687010704102005001111048  22221
12002521200252001001037207290049157688580622102005001051001  22221
12002521200252001001040922530044606700498729102005002101032  22228
12002521200252001001042704120043487777893412102005002091   0022228
12002521200252001001042712190057936533144254102005001042035  22221
12002521200252001001046243650051740301313835102005001011   0622221
12002521200252001001049910710048635638171416102005001121014  22221
12002521200252001001050313290057246334612094102005002082080  22228
12002521200252001001050385210050676216640195102005001111086  22221
12002521200252001001057616850046012670077976102005001011072  22221
12003021200302001001000471410107499354753545101002001011067  22221
12003021200302001001010839040122424568698453101002001101102  22221
12003021200302001001013910790093145632664374101002001032   1122221
12003021200302001001033429110151766167796166101002001061033  22221
12003021200302001001046786050083219637633792101002001121089  22221
12003021200302001001049117050091997929036043101002001092070  22221
12003021200302001001050481400136002445848984101002001041030  22221
12003281200328001001000489430020540302762118101002002062019  22228
12003281200328001001009445130026376466171225101002001122   0122221
12003361200336001001000960500032066762765930101001002111017  22228
12003361200336001001004912070051364331950297101001001011051  22221
12003361200336001001007521040053996607185718101001001012042  22221
12003361200336001001014892570046594166698074101001001051023  22221
12003361200336001001018294620061177996280403101001001082054  22221
12003361200336001001026123830036897102124572101001001051055  22221
12003361200336001001040691930048432544602592101001001012043  22221
12003361200336001001059176550035462154586936101001001121086  22221
12003361200336001001060786840050055077254051101001001022   0222221
12003361200336001001061760970056887897721807101001002021   0722228
12003441200344001001008600260033870640336713102003001061036  22221
12003441200344001001009209920035498125603198102003002041040  22228
12003441200344001001009768350022235206406581102003001101024  22221
12003441200344001001014922360033637683974895102003001022054  22221
12003441200344001001037212230036461831810060102003002041075  22228
12003441200344001001037534670035813558024212102003002062066  22228
12003441200344001001050779190034083700092496102003001111045  22221
12003511200351001001001754980064403748847326101001002121068  22228
12003511200351001001006206530041147841628358101001001122055  22221
12003511200351001001044190740050657591797650101001002031078  22228
12003511200351001001055264610064193245338335101001002122020  22228
12003851200385001001003406400054715683715078102004001121098  22221
12003851200385001001011434820034996229483090102004001042055  22221
12003851200385001001012841150053466149587102102004002032038  22228
12003851200385001001015446760067998936122816102004002011058  22228
12003851200385001001015917650050462136321532102004001012050  22221
12003851200385001001017969200033677546226502102004001041027  22221
12003851200385001001026115510032068793764573102004001111062  22221
12003851200385001001028168880050271902126060102004001071074  22221
12003851200385001001030493790033346091648240102004002122052  22228
12003851200385001001039733840044733319447243102004001101019  22221
12003851200385001001043109660053106378628425102004001071073  22221
12003931200393001001005686910048780464162210101001001021086  22221
12003931200393001001012053400055317935104203101001002022009  22228
12003931200393001001013135450058407250948870101001002072   0022228
12003931200393001001026525390043741661917995101001001011017  22221
12003931200393001001029931240035918737375262101001002032   0122228
12003931200393001001030164140068317418477758101001001042009  22221
12003931200393001001032646500039511743527104101001002102   0122228
12003931200393001001033509110039920058582409101001001071026  22221
12003931200393001001043514680045025079820192101001002012   0022228
12003931200393001001047771070060953337419165101001001052060  22221
12003931200393001001059972610037677266308562101001002041   0122228
12004011200401005001001358160128135504747557102004001091022  22221
12004011200401005001002062690115294067098976102004001091063  22221
12004011200401005001002170470113333585041238102004001102046  22221
12004011200401005001004807400100080144400863102004001042073  22221
12004011200401005001013643050116316558127052102004001122081  22221
12004011200401005001014274330088159353831969102004001011011  22221
12004011200401005001018892350066616221370206102004001112040  22221
12004011200401005001019710590100982616660226102004001012070  22221
12004011200401005001022048030114927010105633102004001051058  22221
12004011200401005001027173640122810786840929102004001012053  22221
12004011200401005001031350320103878064892957102004001111055  22221
12004011200401005001038048680122124199493080102004001121052  22221
12004011200401005001049365370130082520651339102004001022010  22221
12004011200401005001051221860102138216275077102004001061008  22221
12004011200401005001053435050105167239013844102004001022088  22221
12004011200401005001054432410109932457785517102004001091065  22221
12004011200401005002001084290127207810450975102004001091056  22221
12004011200401005002002562390096194680758874102004001111050  22221
12004011200401005002005446440094794609830185102004001111081  22221
12004011200401005002006518010101142833710616102004001101076  22221
12004011200401005002007783820085201623167750102004001112086  22221
12004011200401005002009205920098031776076242102004001022065  22221
12004011200401005002016382140087297914393573102004001011082  22221
12004011200401005002021674700089487674566642102004001041075  22221
12004011200401005002022662630108991842905266102004001052081  22221
12004011200401005002023732390097398610496982102004001102086  22221
12004011200401005002028003440129881943909718102004001041050  22221
12004011200401005002038032130078879229132223102004001111062  22221
12004011200401005002039981200104418561513794102004001072072  22221
12004011200401005002045759820105132957504309102004001112081  22221
12004011200401005002048700510084919715748200102004001081081  22221
12004011200401005002053153300111459649839200102004001032089  22221
12004011200401005002053254960097398610496982102004001072075  22221
12004011200401005002055100400117163554383350102004001102047  22221
12004011200401005002056115140020627160741803102004001061062  22221
12004011200401005003005226360111845945333186102004001011057  22221
12004011200401005003009085500081782607054702102004001011060  22221
12004011200401005003020059390098498666508182102004001012068  22221
12004011200401005003022975340097960216856278102004001011019  22221
12004011200401005003024113240137681188613015102004001082053  22221
12004011200401005003026255740106215538620121102004001111041  22221
12004011200401005003027152750088198160758348102004001061035  22221
12004011200401005003030173830103689604006142102004001111055  22221
12004011200401005003030173830103689604006142102004001022041  22221
12004011200401005003030418020112551130749837102004001112069  22221
12004011200401005003035523870119408833045128102004001021036  22221
12004011200401005003035701140109844547607202102004001052069  22221
12004011200401005003039213710113626590225514102004001021053  22221
12004011200401005003041286030081632839007727102004001121062  22221
12004011200401005003041796590084712465447151102004001111039  22221
12004011200401005003041796590084712465447151102004001021085  22221
12004011200401005003045964770098351471517018102004001031052  22221
12004011200401005003047089590082057706165581102004001031042  22221
12004011200401005003051665490118472260528289102004001091   0722221
12004011200401005003052243580129322398597628102004001081070  22221
12004011200401005003055013170131134951963733102004001041037  22221
12004011200401005003057655470088881030067725102004001032089  22221
12004011200401005003057703210098754453423365102004001081043  22221
12004011200401005003057831320106574911384405102004001021078  22221
12004011200401005003058315330080418856472452102004001041016  22221
12004011200401005003058388420081572901687448102004001042066  22221
12004011200401005003060700050112765868338919102004001052083  22221
12004011200401005003060710100104229727856849102004001031032  22221
12004011200401005004003062440105968139916308102004001011029  22221
12004011200401005004005142370113570945645490102004001091046  22221
12004011200401005004005613120085215337820777102004001041078  22221
12004011200401005004009080040121629662954295102004001042096  22221
12004011200401005004013612240102793171505435102004001082043  22221
12004011200401005004014018000116128507136875102004001102062  22221
12004011200401005004014140620099611811324783102004001052075  22221
12004011200401005004016305800097343840412563102004001031059  22221
12004011200401005004017244920128847826221901102004001101056  22221
12004011200401005004017650420125603954757896102004001071090  22221
12004011200401005004018081170130444243734755102004001061068  22221
12004011200401005004018795790086955961195153102004001121077  22221
12004011200401005004021918430113426406619691102004001051055  22221
12004011200401005004022061730106212457322569102004001041067  22221
12004011200401005004026071640097667979076750102004001101043  22221
12004011200401005004037147370103473130752764102004001051061  22221
12004011200401005004041478400111136551561723102004001121066  22221
12004011200401005004044941690111305051450052102004001092070  22221
12004011200401005004048019440099164911745061102004001081056  22221
12004011200401005004051732060097858963399104102004001111065  22221
12004011200401005004054159870096432094369450102004001041077  22221
12004011200401005004058351830122131647484578102004001071057  22221
12004011200401005004059664490119720754451713102004001082062  22221
12004011200401005004061854790108611411860118102004001012074  22221
12004011200401005005001885540082743002099990102004001101068  22221
12004011200401005005003188700136617512148101102004001101032  22221
12004011200401005005006688780112549841192820102004001071050  22221
12004011200401005005009670140087445044533206102004001011043  22221
12004011200401005005013518790099283287586825102004001042052  22221
12004011200401005005018031620125908058782383102004001092087  22221
12004011200401005005026749770125672367874872102004001072013  22221
12004011200401005005041627690120101989737783102004001012088  22221
12004011200401005005042123780099233205637567102004001072054  22221
12004011200401005005046714410093122227169039102004001102076  22221
12004011200401005005054176180126022463869583102004001112095  22221
12004011200401005005057643610115791313881129102004001022069  22221
12004011200401005006004343300097721704472598102004001112   0722221
12004011200401005006006871310151813315822410102004001102086  22221
12004011200401005006008543610119320119147552102004001012070  22221
12004011200401005006020125480089649197493076102004001072061  22221
12004011200401005006025893030106569276397665102004001052   0722221
12004011200401005006028188670090337481712409102004001041025  22221
12004011200401005006034191200081864306954047102004001071074  22221
12004011200401005006037358730105474734846897102004001122081  22221
12004011200401005006038541430120251220206354102004001031024  22221
12004011200401005006038546450103810673056384102004001071087  22221
12004011200401005006041883610095247116466015102004001081092  22221
12004011200401005006046134300123936385904343102004001091058  22221
12004011200401005006047834010149912744900654102004001011039  22221
12004011200401005006047834010149912744900654102004001021022  22221
12004011200401005006048835740112244375287727102004001051049  22221
12004011200401005006052322790109995962424569102004001121071  22221
12004011200401005006056561140070906569939620102004001071035  22221
12004011200401005006058568400091394236999917102004001012073  22221
12004011200401005006059507980108394590951591102004001051083  22221
12004011200401005007004174140079629866295442102004001051080  22221
12004011200401005007004751480098819057741174102004001071035  22221
12004011200401005007004835890094441605409224102004001041072  22221
12004011200401005007011388170096970500064190102004001022042  22222
12004011200401005007013018230084825356835404102004001061097  22221
12004011200401005007014207830078626919499800102004001081   0522221
12004011200401005007014207830078626919499800102004001121020  22221
12004011200401005007016750640097511689112079102004001121062  22221
12004011200401005007022412950124805292269426102004001081025  22221
12004011200401005007024863000094511472834445102004001082032  22222
12004011200401005007029941310112445629713508102004001121030  22221
12004011200401005007037651930084002439602284102004001071003  22221
12004011200401005007046974400079396761151196102004001021   0122221
12004011200401005007049999680106502847498144102004001111036  22221
12004011200401005007054566750116951547441850102004001121050  22221
12004011200401005008006412830130951548517723102004002051   0322228
12004011200401005008023872390112007706010401102004002061033  22228
12004011200401005008033593120148979753922260102004002111027  22228
12004011200401005008039545590106093733460815102004002102038  22228
12004011200401005008059755450111838837978299102004002051048  22228
12004271200427001001005557630038300487476080101001002111073  22228
12004271200427001001008369760064551487068699101001002072028  22228
12004271200427001001020426750048562155868823101001002122092  22228
12004271200427001001030075120063415042675435101001001022084  22221
12004271200427001001034526420053097280339834101001001111055  22221
12004271200427001001056944010074196171076126101001001031077  22221
12004271200427001001059068890042294530074586101001002051073  22228
12004271200427001001061707290047205523459246101001002072070  22228
12004351200435001001009084040010000000000003102003002092001  22228
12004351200435001001009111160010000000000003102003002031059  22228
12004351200435001001036400560010000000000003102003002091   0422228
12004351200435001001058286370038045060611676102003001092028  22221
12004501200450001001002521540053377892315606102004002091090  22228
12004501200450001001010449190055951860061356102004001121073  22221
12004501200450001001019013860057589539974177102004001051058  22221
12004501200450001001021524950048770094978395102004002111076  22228
12004501200450001001026119720049266680511514102004002121047  22228
12004501200450001001027971810041901697304076102004001012050  22221
12004501200450001001040238970046967034642525102004001111077  22221
12004501200450001001044415660055845795916735102004001042015  22221
12004501200450001001051889700046235854131532102004001121074  22221
12004501200450001001055150630053732931029764102004001021078  22221
12004501200450001001056081050064533116175136102004001121046  22221
12004501200450001001056182720036060869176218102004001072062  22221
12004501200450001001061318370043951833924036102004001012079  22221
12005001200500003001000561270094754001527892102003001082084  22221
12005001200500003001001821240118301425786720102003001022088  22221
12005001200500003001003279390114211630186513102003001121073  22221
12005001200500003001008407130138001940975247102003001092064  22221
12005001200500003001008500050079680583867582102003001012021  22221
12005001200500003001023623130080329159708414102003001122067  22221
12005001200500003001031417150148864631231279102003001082038  22221
12005001200500003001031668530083940680869656102003001022032  22221
12005001200500003001041036410122170910195002102003001021079  22221
12005001200500003001046702290096304816849956102003001122088  22221
12005001200500003001047596680109017161268957102003001092092  22221
12005001200500003001047976440075059262799175102003002111033  22228
12005001200500003001047976440075059262799175102003002111080  22228
12006091200609001001004520410069174277435409101002002062055  22228
12006091200609001001005861560117919781595535101002002092084  22225
12006091200609001001014159620101330082960410101002001101031  22222
12006091200609001001034628670098462756647549101002001121082  22221
12006091200609001001040457990110064508416917101002002081044  22225
12006091200609001001044137940108869391893402101002001112081  22222
12006091200609001001056579490089371533891773101002001101045  22221
12006091200609001001059576380091305005180528101002001111   0322221
12007081200708001001006557290062702120260145102005001052010  22221
12007081200708001001008574450058962591008455102005001021036  22221
12007081200708001001009444970067090695577768102005001031087  22222
12007081200708001001009444970067090695577768102005001091019  22222
12007081200708001001010718070053558335926696102005001121078  22221
12007081200708001001011149910050461286693324102005001042073  22221
12007081200708001001018153750045884532264436102005001111056  22221
12007081200708001001024789770046208634357676102005001042084  22221
12007081200708001001028816180051707452408986102005002031037  22228
12007081200708001001057523070070988104958978102005001052060  22221
12008071200807001001004156260047053867419128102004002042076  22225
12008071200807001001006826120048661176763315102004002111070  22228
12008071200807001001026981770053341538089057102004002091054  22228
12008071200807001001031056830050218429212084102004002101065  22225
12008071200807001001032539940041751570093485102004001041089  22221
12008071200807001001043581780059670756037316102004002122085  22228
12008071200807001001045784140044481818288679102004001102031  22221
12008071200807001001048009350074288792575663102004002041048  22228
12008071200807001001051697350062371822584780102004002031021  22228
12008071200807001001054785250056083013056266102004002071053  22225
