11000151100015001001010615970108111920817444102006001082034  22221
11000151100015001001014604190104182602341882102006001092002  22221
11000151100015001001029039700131049266470079102006002071077  22228
11000151100015001001035088730096949580437156102006002022066  22228
11000151100015001001039223120053342077975670102006001071   0222221
11000151100015001001042193720100023527709316102006001082079  22221
11000151100015001001056694900124552135178157102006001022087  22221
11000151100015001001059898480096138358207959102006001101069  22221
11000231100023003001004596730091664827557792102003001071   0022221
11000231100023003001016214410047745244194267102003001102037  22221
11000231100023003001016298870068662140305458102003001092087  22221
11000231100023003001016896080098443728741127102003001092078  22221
11000231100023003001018988330088879838809251102003001062065  22221
11000231100023003001036399120134597997944402102003001091062  22221
11000231100023003001042188460075929808193558102003001062092  22221
11000231100023003001044015950136334893752672102003001041058  22221
11000231100023003001054369520127635093578562102003001101073  22221
11000231100023003001054843010099068146210780102003001032077  22221
11000231100023003001054843010099068146210780102003001011098  22221
11000231100023003001055146800089290111780787102003001032084  22221
11000231100023003001055868040157781339261393102003001071071  22221
11000231100023003002008184370068436010877084102003001042059  22221
11000231100023003002009621390090715304020665102003002011001  22228
11000231100023003002018131950037287375390501102003001112009  22221
11000231100023003002027028980124452676846940102003002011066  22228
11000231100023003002029015630099911276687070102003002011036  22228
11000231100023003002034803650113627230817707102003001011078  22221
11000231100023003002050399090126264222271250102003002091082  22228
11000231100023003003006940440095156757253982102003001052052  22221
11000231100023003003008596010103064721858233102003001021079  22221
11000231100023003003008865710096297103811272102003001081031  22221
11000231100023003003018039140132520677469372102003001022079  22221
11000231100023003003018689910127237619077790102003002011001  22228
11000231100023003003022396640094537467944601102003002031028  22228
11000231100023003003022833670095872494878652102003001122093  22221
11000231100023003003036038040088431988267580102003001051031  22221
11000231100023003003039319130131745645855089102003002011106  22228
11000231100023003003040467990055706120585571102003001081030  22221
11000231100023003003041310510125607476932224102003001122081  22221
11000231100023003003046182770118156774993015102003002012066  22228
11000231100023003003049150020070531255207164102003002101090  22228
11000231100023003004001599170107752603003327102003001082031  22221
11000231100023003004003856260111423594145175102003001052090  22221
11000231100023003004012915600104512088155690102003001122038  22221
11000231100023003004034030430103111346310334102003001031030  22221
11000231100023003004036753270134435303760396102003001042045  22221
11000231100023003004036825850111719625639105102003001032018  22221
11000231100023003004056693690114194998405574102003001121034  22221
11000231100023003004061487840102918431508236102003001111040  22221
11000311100031001001004983740030387329388088102008002111029  22228
11000311100031001001006351210029361762957551102008002031042  22228
11000311100031001001023549910026457714991638102008002011066  22228
11000311100031001001025471330032669291640222102008002111075  22225
11000311100031001001029936270034496728172541102008002092069  22228
11000311100031001001035698360031688942724661102008002121029  22228
11000311100031001001039309280031756310915020102008002051094  22228
11000311100031001001041836440023890683058753102008001112083  22221
11000311100031001001046569550028621909552511102008002091054  22228
11000491100049003001052928890089399769006125102006002062045  22228
11000491100049003001060335780079267949034702102006002051018  22228
11000491100049003002003165400112620576628818102006001031069  22221
11000491100049003002017973820108588431707992102006001072028  22221
11000491100049003002024423720122298176609100102006001051065  22221
11000491100049003002030566920101721636067501102006002111078  22228
11000491100049003002032623130108503986247441102006002031089  22228
11000491100049003002037433100101456652385684102006001081   0122221
11000491100049003002038364080104669907741106102006001042011  22221
11000491100049003002051230700136435518692887102006002061   0122228
11000491100049003002061429370105069804788475102006001121051  22221
11000491100049003003000982480130305856490791102006001012086  22221
11000491100049003003007247530074871852114773102006001082043  22221
11000491100049003003022230590113608596596700102006001011056  22221
11000491100049003003055560960115449171087937102006001041047  22221
11000491100049003003057471030085350568268437102006001091029  22221
11000491100049003004001672930075022386698003102006001031024  22221
11000491100049003004014731770088180295326641102006001092052  22221
11000491100049003004024990230090676265037760102006001112066  22221
11000491100049003004025125240077935441884107102006001021024  22221
11000491100049003004026583750092695798334523102006001042066  22221
11000491100049003004030866970099537450887738102006001061056  22221
11000491100049003004034291900080178299230827102006001032086  22221
11000491100049003004039719220084799946666654102006001041084  22221
11000491100049003004045242150103895683357013102006001041076  22221
11000491100049003004047609520107434595324285102006001032090  22221
11000491100049003004050758870100967418519005102006001012083  22221
11000491100049003004050758870100967418519005102006001082096  22221
11000491100049003004054085970120168752223225102006001102017  22221
11000491100049003004058097600087958887104328102006001061043  22221
11000491100049003004059571100131304897165509102006001081081  22221
11000561100056001001006256390050364333562768102008001012082  22221
11000561100056001001014383000064509964646273102008001041076  22221
11000561100056001001015977030063607373036987102008001111029  22221
11000561100056001001019377820049748543742002102008001121026  22221
11000561100056001001022244650042892760303780102008001121063  22221
11000561100056001001022926400057830822694078102008002031073  22228
11000561100056001001023150990036515902431996102008002071009  22228
11000561100056001001027083930055118891901249102008002111078  22228
11000561100056001001029301170048089741019459102008001102073  22221
11000561100056001001029907730048832222832441102008001111065  22221
11000561100056001001031009410073194132932064102008001051085  22221
11000561100056001001046637990051727752912271102008001071094  22221
11000561100056001001047804070046311805128274102008001111060  22221
11000561100056001001048978400047886565981299102008001072069  22221
11000561100056001001051944760058999618055763102008002041053  22228
11000561100056001001054884320044694507220049102008001042084  22221
11000561100056001001057045040060185060874317102008001021086  22221
11000641100064001001002524980051088340511390102008002061064  22228
11000641100064001001002984420054423258899843102008002011075  22228
11000641100064001001006411200053072382138003102008001062075  22221
11000641100064001001011223050044474459778983102008002092018  22228
11000641100064001001012418470051929278950434102008001092077  22221
11000641100064001001028426940046938863988900102008001051072  22221
11000641100064001001034852500041906527664778102008001051029  22221
11000641100064001001035827210042207102825515102008001071078  22221
11000641100064001001042484180045401976921525102008001012038  22221
11000641100064001001042753840039078235524654102008001031069  22221
11000641100064001001045605710039788906720279102008001122065  22221
11000641100064001001045663490057838898954013102008001012   0122221
11000641100064001001047727050051729412382209102008001032039  22221
11000641100064001001051020540056130703540164102008002062086  22228
11000641100064001001052503260061615117730222102008001042072  22221
11000641100064001001056653250056826432094639102008001092018  22221
11000641100064001001056704050041760729577004102008001071   0822221
11000641100064001001058897280054321051903301102008001022059  22221
11000641100064001001061828010044023573833467102008001082064  22221
11000721100072001001027231410053888796575967102008002021087  22228
11000721100072001001028563160037061653608652102008002112066  22228
11000721100072001001038820190048613026121290102008002081064  22228
11000801100080001001019691000049019936193422101002002051067  22228
11000801100080001001042551580047627452300684101002002062082  22228
11000801100080001001046715500046165951654303101002001022   0122221
11000801100080001001051606250055707891182463101002001032013  22221
11000801100080001001059809340068360770599620101002002082056  22228
11000801100080001001060471240023629240709743101002002012074  22228
11000981100098003001004888230111582638646959102006001111059  22221
11000981100098003001012356210106734222068219102006001051088  22221
11000981100098003001023349140118623309878900102006001031065  22221
11000981100098003001025646720107353644355590102006002031073  22228
11000981100098003001026734600119088411720763102006002111078  22228
11000981100098003001027803830088492081854672102006001052030  22221
11000981100098003001028353450074994292488135102006001092043  22221
11000981100098003001034725530108869493859372102006002122001  22228
11000981100098003001043040350093160552592691102006001061072  22221
11000981100098003001047991940093160552592691102006001111046  22221
11000981100098003001049700070121387812920423102006001071076  22221
11000981100098003001058089460100686396575456102006001052   0122221
11001061100106003001009920170108679540150372101002001081012  22221
11001061100106003001009920170108679540150372101002001082054  22221
11001061100106003001016033980110346066355221101002001051074  22221
11001061100106003001019028410090467389577744101002001071088  22221
11001061100106003001019782950148486515915233101002001122029  22221
11001061100106003001025848620107859044708919101002001092074  22221
11001061100106003001028057940122424490928833101002001101090  22221
11001061100106003001034369180079487134244673101002001091020  22221
11001061100106003001050183540089112330544284101002001041055  22221
11001061100106003001054668760132904442226268101002001041077  22221
11001061100106003001055353380073845378805311101002001122   0822221
11001061100106003001057619950142013026206093101002001051081  22221
11001061100106003001057680360117373660477593101002001051092  22221
11001061100106003001058919810093135488870303101002001101094  22221
11001061100106003001058919810093135488870303101002001092085  22221
11001061100106003002001792030110412769916422101002001031094  22221
11001061100106003002005599380095888880329903101002001011037  22221
11001061100106003002009552860158743284578335101002002032001  22228
11001061100106003002017412660062002023627083101002001101   0522221
11001061100106003002018438510113355257297870101002001081086  22221
11001061100106003002021129930087981678883132101002001092080  22221
11001061100106003002026687470119461470139839101002001012076  22221
11001061100106003002033114490104289447993837101002001111083  22221
11001061100106003002043729510115968381940380101002001061061  22221
11001061100106003002046461160135803180547935101002001062059  22221
11001061100106003002046477790069573578464449101002001042   0122221
11001061100106003002048620410137831680549110101002001042086  22221
11001061100106003002051358940117469785796596101002001071059  22221
11001061100106003002051575800106833893180126101002001052056  22221
11001061100106003002052604970127220317404203101002001041035  22221
11001061100106003002055599600067895296090652101002002091070  22228
11001061100106003002055599600067895296090652101002002021038  22228
11001061100106003002057278190140983309594179101002001031063  22221
11001061100106003002060570750147775934651837101002001032073  22221
11001141100114003001000134700072114460177284102004001081059  22221
11001141100114003001000695800102249483459645102004001072050  22221
11001141100114003001006902440119603397250499102004002011028  22228
11001141100114003001009127040093980071212686102004001012080  22221
11001141100114003001024620780058177611590524102004002051073  22228
11001141100114003001039936890046572892368625102004001051005  22221
11001141100114003001043364220124891773874295102004002102096  22228
11001141100114003001052060520073995488940664102004001111088  22221
11001141100114003001056330700113644109476206102004002051086  22228
11001141100114003001056721960077395890513065102004001061068  22221
11001141100114003001061456450072398441725679102004001051074  22221
11001141100114003002016415030140872040196413102004001051070  22221
11001141100114003002017647870116847711259753102004002092028  22228
11001141100114003002018316240075727990811737102004001052082  22221
11001141100114003002034510740130616948135116102004001041048  22221
11001141100114003002035019210108455397296917102004001031093  22221
11001141100114003002038006010108468153631583102004001011022  22221
11001141100114003002056516840063196003990221102004001022054  22221
11001221100122003001014449810148613063972627102004001121063  22221
11001221100122003001021139640010000000000010102004001022045  22221
11001221100122003001026233830055437442740330102004001021073  22221
11001221100122003001045717860133666113955610102004001122082  22221
11001221100122003001056901920116464319308753102004001121034  22221
11001221100122003002010098840112383795170162102004001061080  22221
11001221100122003002024885450142663651058468102004001011051  22221
11001221100122003002050883790100193076379094102004001051056  22221
11001221100122003002052101870183702908143507102004001042080  22221
11001221100122003002054432180106012882907030102004001091067  22221
11001221100122003003001525620139332512581546102004001082060  22221
11001221100122003003003172810070980521059458102004001031039  22221
11001221100122003003013230230099293791674463102004001112   0122221
11001221100122003003014951020129121046015381102004001101064  22222
11001221100122003003020803380069497856669776102004001032032  22221
11001221100122003003021280280126886635539971102004001031059  22221
11001221100122003003022784970115496712555591102004001062084  22221
11001221100122003003030125020060763294804806102004001122080  22221
11001221100122003003050981830123530411796191102004001072067  22221
11001221100122003003059134490114358748514179102004001061034  22221
11001221100122003004000263390093335070800316102004001122082  22221
11001221100122003004013073860123342988591767102004001111042  22221
11001221100122003004025139950080442778744610102004001071077  22221
11001221100122003004026392020076994024064041102004001021049  22221
11001221100122003004034838530100568779799894102004001092001  22221
11001221100122003004036601020128812619563136102004001072059  22222
11001221100122003004037645900127053483537481102004001102059  22222
11001221100122003004038162050082220492692853102004001051082  22221
11001221100122003004040961120132941718736284102004001011054  22222
11001221100122003004043109080053873774034598102004001081072  22221
11001221100122003004046897410077755806203732102004001012   0622221
11001221100122003004049900780124240562030565102004001091028  22221
11001221100122003004057751690074127541521148102004001042028  22221
11001221100122003005008906720099691537811500102004001012019  22221
11001221100122003005015500440078924188582294102004001072036  22221
11001221100122003005020071210101392028762368102004002052068  22228
11001221100122003005026533270064959951352538102004001031025  22221
11001221100122003005026803490111454741093923102004002052059  22228
11001221100122003005029606010106801008085652102004002011056  22228
11001221100122003005042126190102618670712544102004002071069  22228
11001221100122003005048110340083800839415277102004002012084  22228
11001221100122003005051097610101550902423398102004001081008  22221
11001221100122003005059623600111738938633955102004001041072  22221
11001221100122003006000261940107935810754641102004001061078  22221
11001221100122003006002590600092550678162453102004002011065  22228
11001221100122003006003443900103699646648929102004001082   1022221
11001221100122003006006657130123221098955765102004001011092  22221
11001221100122003006017342110087752149262094102004001011063  22221
11001221100122003006023159090099007761792209102004001021073  22221
11001221100122003006026312910124075713705138102004001012053  22221
11001221100122003006027691800126811475987761102004001092065  22221
11001221100122003006029911610129763638015606102004001112071  22221
11001221100122003006035750480090469980748383102004001011062  22221
11001221100122003006043033890122970503976460102004001101059  22222
11001221100122003006044796660099482429308961102004001041078  22221
11001221100122003006055986020106304543252438102004001062007  22221
11001221100122003006058919660125685513833732102004001091066  22221
11001221100122003006060782730144423425017184102004001061052  22221
11001301100130003001009760150100921956581860102003001052052  22221
11001301100130003001011599110126665252927349102003001021   0322221
11001301100130003001011805960088506520619528102003001081059  22221
11001301100130003001017714160043593692291858102003001021020  22221
11001301100130003001017921010116611486078515102003001081   0022221
11001301100130003001018838170095868576614580102003001011055  22221
11001301100130003001035273910077001207827959102003001011063  22221
11001301100130003001040898250105975050319468102003001061028  22221
11001301100130003001048093880087948695633646102003001032028  22221
11001301100130003001048425500106628004864668102003001081013  22221
11001301100130003001049263470117044828513116102003001081063  22221
11001301100130003001049396720094119122017350102003001021026  22221
11001301100130003001058740070100160044797663102003001041064  22221
11001301100130003002005300370045692711823780102003002012052  22228
11001301100130003002005660500060274216212652102003002021066  22228
11001301100130003002014409410164824723581641102003002102092  22228
11001301100130003002018832700196935484291401102003002072019  22228
11001301100130003002020316460159723914973929102003001102   0222221
11001301100130003002023610360113849658117826102003001022083  22221
11001301100130003002036046640064686587112856102003002022   0122228
11001301100130003002039833720097739016307248102003002091042  22228
11001301100130003002050364110168397129650409102003002032056  22228
11001301100130003002053630720111336314610641102003002021065  22228
11001301100130003002056342120195402197167872102003002061018  22228
11001301100130003002061893120134131588330438102003001101070  22221
11001481100148001001002930380052500686020417102005002082095  22228
11001481100148001001004454900061648224414627102005002121073  22228
11001481100148001001006057450067567335775644102005002061041  22228
11001481100148001001013256620043879764761748102005001111079  22221
11001481100148001001014103010054952531435840102005001011079  22221
11001481100148001001014398090043879764761748102005001081077  22221
11001481100148001001014958240049225512365348102005001061040  22221
11001481100148001001017880810043879764761748102005001101083  22221
11001481100148001001025134350052685090340982102005001041021  22221
11001481100148001001025552130061226676801138102005002082   0122228
11001481100148001001033953830045438498395133102005002081076  22228
11001481100148001001034602290051135251473513102005001041036  22221
11001481100148001001038410190048457127274137102005001122075  22221
11001481100148001001041867100071911766998608102005002102080  22228
11001481100148001001048597810046236653553743102005001121082  22221
11001481100148001001054568330061663426148808102005002031065  22228
11001481100148001001055612560060821094680648102005001091042  22221
11001481100148001001056054610045792536297799102005002032046  22228
11001551100155003001014478880100847836894238102004001061073  22221
11001551100155003001019667000126507000873754102004001112037  22221
11001551100155003001024057420122915736655192102004002111036  22228
11001551100155003001026749390094049795355001102004001111019  22221
11001551100155003001027365460077406224914213102004001032065  22221
11001551100155003001027542530102089022218845102004002042057  22228
11001551100155003001028316350111394254947004102004002111027  22228
11001551100155003001030001760122823781918318102004001022089  22221
11001551100155003001050036020092792863344537102004002062027  22228
11001551100155003001054205320059175677297096102004001081041  22221
11001551100155003001054810530107712787629284102004001061063  22221
11001551100155003001061522010106944976306020102004002031068  22228
11001551100155003002003888600130876719173270102004002011072  22228
11001551100155003002006557970120235532491538102004001091054  22221
11001551100155003002011315900108860125653787102004001011048  22221
11001551100155003002012180110106184006577416102004001101076  22221
11001551100155003002012454520097683954816760102004001062012  22221
11001551100155003002014381760107371138873578102004001031017  22221
11001551100155003002016871630144192689715224102004001042080  22221
11001551100155003002021421420126950011942745102004001041055  22221
11001551100155003002022496380047615855702960102004001061066  22221
11001551100155003002024482330130876719173270102004002072068  22228
11001551100155003002026234360120944544051292102004001072093  22221
11001551100155003002028251870101146155452038102004001091   0322221
11001551100155003002031352240136209273935454102004001051054  22221
11001551100155003002034840000112715386385739102004001102092  22221
11001551100155003002035002850053779595561169102004001012011  22221
11001551100155003002041955330148322856594512102004001042076  22221
11001551100155003002045392450080947734272210102004001061056  22221
11001551100155003002052506480088667466228248102004002022082  22228
11001551100155003002059605080116778237267232102004001102078  22221
11001891100189003001005594820125471117102431102007002061065  22228
11001891100189003001010118180072744415050785102007001012045  22221
11001891100189003001018828150107782641947278102007001031029  22221
11001891100189003001026478440114437841856660102007001082017  22221
11001891100189003001029826260088261550872842102007001092041  22221
11001891100189003001032948230156235580049335102007001082069  22221
11001891100189003001055122680051565949768596102007001111071  22221
11001891100189003002013796900111160429875818102007001092032  22221
11001891100189003002021374530138653946623226102007002051058  22228
11001891100189003002023020390137607320446534102007001061003  22221
11001891100189003002028099320104404748504199102007001031065  22221
11001891100189003002031339960101920145094552102007001082068  22221
11001891100189003002033100170157861954443383102007001121087  22221
11001891100189003002036157380126197210401894102007001021053  22221
11001891100189003002042552100152391175228425102007001111077  22221
11001891100189003002048801420089565180337463102007001051028  22221
11001891100189003002048801420089565180337463102007001072067  22221
11001891100189003002050913040127243425082387102007001071078  22221
11001891100189003002057214600118703418035357102007002091055  22228
11001891100189003002059333620041518476830017102007001021031  22221
11001891100189003002059490400127243425082387102007001061072  22221
11002051100205004001003912100141272623368689101001001071026  22221
11002051100205004001017715760121707945333361101001001011   0722221
11002051100205004001034659370155142444258657101001001092086  22221
11002051100205004001037682130094624781060117101001001062099  22221
11002051100205004001050154580103224791519333101001001091069  22221
11002051100205004001057663060117951493852466101001001072064  22221
11002051100205004002003803720123264998870617101001001061064  22221
11002051100205004002029901710142217267272761101001001091080  22221
11002051100205004003032850050333297640144421101001001051   0722221
11002051100205004003035117610010000000000018101001001012084  22221
11002051100205004003035912100010000000000018101001002031020  22228
11002051100205004003040940580010000000000018101001001011056  22221
11002051100205004003053349630010000000000018101001002032060  22228
11002051100205004004002708940098634001248961101001001121066  22221
11002051100205004004043083620085082165882318101001001041039  22221
11002051100205004004051730810082426044182708101001001041022  22221
11002051100205004004051914280104897728017393101001001011058  22221
11002051100205004005001810970088689026623354101001001042   0922221
11002051100205004005005076880122895054542050101001001101065  22221
11002051100205004005016729190061218325657217101001001082077  22221
11002051100205004005017831800083766218727813101001001051   0822221
11002051100205004005030654340149438598423226101001001031036  22221
11002051100205004005039255760106819927937638101001001041039  22221
11002051100205004005041293970144159940620287101001001122053  22221
11002051100205004005042318350117340830840690101001001121069  22221
11002051100205004005052596940110753222876846101001001091085  22221
11002051100205004005056175190122483038851544101001001032058  22221
11002051100205004006014801570090208273635957101001001041018  22221
11002051100205004006037553000043287557164732101001001092088  22221
11002051100205004006048866310086810406711495101001001102087  22221
11002051100205004006048866310086810406711495101001001122063  22221
11002051100205004007042886250104573644237412101001001111072  22221
11002051100205004007044604430126555830556027101001001112083  22221
11002051100205004007049722050086068710805213101001001111053  22221
11002051100205004007054153050112873534976977101001001061047  22221
11002051100205004007060076650089689853862346101001001082052  22221
11002051100205004007060448520163875905411753101001001021   1122221
11002051100205004008022704120093220819932524101001001091055  22221
11002051100205004008025615410099906859295254101001001021079  22221
11002051100205004008031106520075386996053389101001001051063  22221
11002051100205004008037386990074761536888821101001001091067  22221
11002051100205004009002867180090396563593189101001001091032  22221
11002051100205004009016468150085428982862325101001001061051  22221
11002051100205004009017065630086964090954408101001001042104  22221
11002051100205004009018619660106229768625122101001001011057  22221
11002051100205004009020424580068854298284114101001001101086  22221
11002051100205004009028470750141566041510835101001001021035  22221
11002051100205004009038533670141135496784058101001001101077  22221
11002051100205004009040686490115578761529309101001001082075  22221
11002051100205004009049686090063630012018735101001001101085  22221
11002051100205004009055910180106873126450540101001001022   0122221
11002051100205004010012595840109670867847321101001001021079  22221
11002051100205004010014407360108808961274470101001001061077  22221
11002051100205004010023378100067110910975708101001001121032  22221
11002051100205004010058855590133658219683095101001001082   0522221
11002051100205004011027181210076152625728042101001001111055  22221
11002051100205004011036578650167020049048931101001001061021  22221
11002051100205004011039726460095333278912059101001001062082  22221
11002051100205004011041353740108349395827147101001001091   0322221
11002051100205004011050408210109768115340095101001001052063  22221
11002051100205004011056359380108914253463413101001001052077  22221
11002051100205004011058464470110330844067647101001001061080  22221
11002051100205004011060585850117790036036462101001001091068  22221
11002051100205004012003670410113293466667208101001001012049  22221
11002051100205004012006098330108457404057777101001001052060  22221
11002051100205004012012579840110975933368554101001001081059  22221
11002051100205004012018698240079823212594271101001001012055  22221
11002051100205004012019556610130566391109976101001001052063  22221
11002051100205004012035382650100856973753789101001001111050  22221
11002051100205004012037409250087278998496056101001001071   0622221
11002051100205004012050052520121327291791580101001001051065  22221
11002051100205004012055889970098126497505177101001001112014  22221
11002051100205004012056676070077596616992348101001001081038  22221
11002051100205004013006569610071364875378471101001001061   0722221
11002051100205004013034235220108133939109082101001001111024  22221
11002051100205004013061524780059818663706052101001001071051  22221
11002051100205004014002244420072045194396751101001001031083  22221
11002051100205004014005445190134392213216083101001001012001  22221
11002051100205004014007045020102521118958283101001001072072  22221
11002051100205004014011062330113086817097654101001001072   0622221
11002051100205004014051370150073829859694459101001001121025  22221
11002051100205004014056687100082773606718878101001001042073  22221
11002051100205004014057825110172426269214012101001001102049  22221
11002051100205004014060051080075427633483084101001001082076  22221
11002051100205004015008027320070741027847202101001001062070  22221
11002051100205004015017844300090826461332017101001001121037  22221
11002051100205004015021368000092348863097194101001001041068  22221
11002051100205004015029271370126881736177497101001001111098  22221
11002051100205004015034833300063698631420380101001001101049  22221
11002051100205004015043101290078208791899405101001001021088  22221
11002051100205004015046332610104333764335490101001001031048  22221
11002051100205004015049156390105628894291333101001001112070  22221
11002051100205004015050494330053938417466037101001001022100  22221
11002051100205004016000817130152688621177754101001001041085  22221
11002051100205004016003744130090916148795665101001001061   0222221
11002051100205004016011975530112756375280353101001001121044  22221
11002051100205004016028449550079001206409104101001001061097  22221
11002051100205004016040880940139078229777499101001001031042  22221
11002051100205004016044772100158998233990658101001001122087  22221
11002051100205004016053577250128265241322624101001001071005  22221
11002051100205004016059077340153084154506191101001001101099  22221
11002051100205004017001772530125157923254655101001001101077  22221
11002051100205004017008747440091587999380311101001001121059  22221
11002051100205004017008976250080657864685114101001001012092  22221
11002051100205004017039526840113657495254327101001001011064  22221
11002051100205004017042378320095807199217076101001001062087  22221
11002051100205004018005633600082223685090735101001001042052  22221
11002051100205004018006247420115781358403582101001001022001  22221
11002051100205004018008320290091472472055542101001001051055  22221
11002051100205004018013298600136252952634236101001001091044  22221
11002051100205004018016198310092281739171367101001001032042  22221
11002051100205004018027741940079598815097543101001001032082  22221
11002051100205004018040131050084729694931473101001001122   0222221
11002051100205004018047640420082115947239213101001001011080  22221
11002051100205004018051452920097354197182086101001001062074  22221
11002051100205004018054718320118878427467081101001001091075  22221
11002051100205004018057037540109990182738455101001001061   0022221
11002051100205004018058223840167436885884837101001001032082  22221
11002051100205004019005194430010000000000011101001001081083  22221
11002051100205004019013203520102311248484149101001001052098  22221
11002051100205004019025870070103447127756091101001001121092  22221
11002051100205004019038540640126859523790682101001002121065  22228
11002051100205004019042534220044016124194728101001001051   0722221
11002051100205004019046513960116564307746438101001001111067  22221
11002051100205004019060012740178647076461776101001001022   1122221
11002051100205004020004440020080893487889890101001002011030  22228
11002051100205004020025853870110473021027538101001002032068  22228
11002051100205004020035808770097809417700864101001002061062  22228
11002051100205004020038973320119690467636750101001002051068  22228
11002051100205004020060763480081692992267260101001001012072  22221
11002051100205004021002072740072158965535827101001001101068  22221
11002051100205004021003122970094969072369563101001001052053  22221
11002051100205004021007537920052829929666539101001001111069  22221
11002051100205004021008756280136327422627819101001001031065  22221
11002051100205004021033821640086790478381982101001001121020  22221
11002051100205004021036482680118598876777598101001001091076  22221
11002051100205004021036737960084885787189543101001001101023  22221
11002051100205004021038417260126890511050942101001001101038  22221
11002051100205004021040833730136432752821414101001001012072  22221
11002051100205004021041941980104182025638974101001001011038  22221
11002051100205004021045487840123497745412961101001001031016  22221
11002051100205004021054447440067629343112333101001001011014  22221
11002051100205004021058457110132033379048941101001001122087  22221
11002051100205004021058880450102439234489147101001001061077  22221
11002051100205004021059596170082291857642215101001001032027  22221
11002051100205004022001326380093839834149985101001001011044  22221
11002051100205004022005244000093100574145478101001001072069  22221
11002051100205004022005546140110476764079864101001001081   0122221
11002051100205004022020912120068169932418439101001001062065  22221
11002051100205004022022404210106878774112865101001001071052  22221
11002051100205004022022961130094457005030162101001001051065  22221
11002051100205004022030643920103349761145247101001001092073  22221
11002051100205004022034714370042330490372361101001002041072  22228
11002051100205004022036519190089661044061057101001001112076  22221
11002051100205004022037615780128504081223834101001001111048  22221
11002051100205004022038786550125141582724291101001001121020  22221
11002051100205004022040994200103625862288751101001001032043  22221
11002051100205004022048047590131775781741330101001001021070  22221
11002051100205004022055851170112717782494308101001001062054  22221
11002051100205004022058709440112959920740470101001001021054  22221
11002051100205004022061791570104254603334666101001001041055  22221
11002541100254001001002196370082423336941945102004001101053  22221
11002541100254001001007777910166285546006773102004001012070  22221
11002541100254001001009612660076972019853321102004001021088  22221
11002541100254001001021352120125782444138353102004001071062  22221
11002541100254001001032451380071623113533284102004001011054  22221
11002541100254001001034608890075316752557206102004001052077  22221
11002541100254001001034608890075316752557206102004001011080  22221
11002541100254001001035382890093121234870383102004001091079  22221
11002541100254001001037550730065796955396587102004002071022  22228
11002541100254001001038543020076972019853321102004001091068  22221
11002541100254001001046873350085970470213410102004001111072  22221
11002541100254001001051047640076972019853321102004001121078  22221
11002541100254001001057075040065598596909803102004002121079  22228
11002541100254001001058081370122862136903372102004001072   0422221
11002621100262001001026488060017465402202296102003002061089  22228
11002621100262001001029452620037938881855252102003002082066  22228
11002621100262001001029452620037938881855252102003002021086  22228
11002621100262001001030365270037904529127426102003002091087  22228
11002881100288003001000042590079481975846265102006001031070  22221
11002881100288003001011316330070781336355719102006001091071  22221
11002881100288003001029693680087011480954555102006001041070  22221
11002881100288003001030555210098657378615929102006001061076  22221
11002881100288003001033936780122960954171445102006001051050  22221
11002881100288003001036043940129601703509594102006001012016  22221
11002881100288003001037478110104277104069717102006001091048  22221
11002881100288003001042591950098009346558835102006001041062  22221
11002881100288003001046406570070129277660999102006001061071  22221
11002881100288003002005517620142536590100198102006001121044  22221
11002881100288003002008895080112916121508645102006002051095  22228
11002881100288003002009889760113944100328292102006002071040  22228
11002881100288003002014965030118204165233022102006001041083  22221
11002881100288003002014965030118204165233022102006001061076  22221
11002881100288003002029994070123666028752264102006001071043  22221
11002881100288003002033751220107800248643533102006001111080  22221
11002881100288003002035066850126922201333759102006001011053  22221
11002881100288003002045397780068627566813779102006001072076  22221
11002881100288003002054467410123916031616400102006001051067  22221
11002881100288003002060506910094694301604036102006002101066  22228
11002961100296001001002354380064376355164773102006001042074  22221
11002961100296001001014357980054984800207231102006002022076  22228
11002961100296001001017029560053635838612456102006001091071  22221
11002961100296001001020127950044505356626023102006001022064  22221
11002961100296001001021188970037199649223066102006002042017  22228
11002961100296001001022654890078959093086658102006002091049  22228
11002961100296001001029645710042317511679796102006002041060  22228
11002961100296001001042021870049908555250890102006001011047  22221
11002961100296001001043111700044510857658901102006001111085  22221
11002961100296001001044920460056713298397284102006002011071  22228
11003041100304003001029198100156099410212070102007001051045  22222
11003041100304003001041694920143516127443889102007001051088  22221
11003041100304003001052607710109822410909966102007001021   0422221
11003041100304003002005608110101051110808929102007001101018  22221
11003041100304003002006418310127195403930700102007001012037  22221
11003041100304003002006856820128800236390157102007001011063  22221
11003041100304003002006856820128800236390157102007001012059  22221
11003041100304003002015143280118056450321608102007001061061  22221
11003041100304003002021516300082739362679216102007001011082  22222
11003041100304003002022621600090564082444957102007001052068  22221
11003041100304003002040174150115182128614923102007001051   0322221
11003041100304003002049071350115464217116410102007001011064  22221
11003041100304003002051536370086114825545744102007001051097  22221
11003041100304003002052510570103899039387687102007001021065  22221
11003041100304003003008140180100939782663213102007001051039  22221
11003041100304003003008598950136570827444461102007001112082  22221
11003041100304003003012427880119708400577414102007001061084  22221
11003041100304003003014700170107770435040327102007001061051  22222
11003041100304003003027015030141926293475603102007001022060  22221
11003041100304003003028444190100704673179951102007001091079  22221
11003041100304003003030334560100704673179951102007001101062  22221
11003041100304003003033580470098600035133759102007001041045  22221
11003041100304003003042889650113661978797005102007001051   0122221
11003041100304003003043741290139455802746651102007001041021  22221
11003041100304003003043945420112817074715889102007001051063  22221
11003041100304003003046554630104842344308456102007001012074  22221
11003201100320001001005733830088784456219710102005002122084  22228
11003201100320001001032667370070715628928347102005002101044  22228
11003201100320001001034362800051190892414027102005001011058  22221
11003201100320001001039762940106865473693473102005002052053  22228
11003201100320001001054565300104363897635864102005002041054  22228
11003381100338001001030030280081661259218605101001001091053  22221
11003381100338001001037160490068470809566944101001002071040  22228
11003381100338001001052807370116689988461694101001001071   0322221
11003381100338001001057031980104843212331912101001002081048  22228
11003381100338001001060215980075216879607735101001001101029  22221
11003381100338001001061759690071225026234793101001001021031  22221
11003461100346001001000243450079211831824805102005002121077  22228
11003461100346001001004741400037844203406405102005002031051  22228
11003461100346001001007507170044753190382273102005002122054  22228
11003461100346001001007687340044753190382273102005002082087  22228
11003461100346001001020661570051960953531622102005001101016  22221
11003461100346001001021771160035725121288789102005001112081  22221
11003461100346001001023262170046876396046577102005001122032  22221
11003461100346001001026322410047873781372597102005002061045  22228
11003461100346001001026758850054483636361737102005002082084  22228
11003461100346001001028044350063855235701458102005002121057  22228
11003461100346001001029607180028531278961728102005002062068  22228
11003461100346001001034366970051041308979285102005001091052  22221
11003461100346001001034795500043251228059998102005001041073  22221
11003461100346001001035312420049399213214577102005001082090  22221
11003461100346001001037111450065202655362498102005001091081  22221
11003461100346001001041581610057025035626735102005001051046  22221
11003461100346001001051134330073667767522858102005002021063  22228
11003461100346001001053353960060496310683829102005001051017  22221
11003461100346001001054531660046853276836382102005002081064  22228
11003461100346001001055322420042213955961766102005002051044  22228
11003461100346001001056150780048214289572828102005002072076  22228
11003461100346001001057882130060188586292722102005001012098  22221
11003791100379001001002497490047086497989493102006001091090  22221
11003791100379001001005249370054818725198426102006002042057  22228
11003791100379001001013360030053945754302776102006002061064  22228
11003791100379001001024847110063266986198434102006002071032  22228
11003791100379001001026508920044403452968177102006002102073  22228
11003791100379001001027285840044679725553344102006001101047  22221
11003791100379001001031961090047251038805323102006001032083  22221
11003791100379001001032133640050849595571982102006001011092  22221
11003791100379001001036206240045880290896162102006001091087  22221
11003791100379001001036235490047121266830430102006002011084  22228
11003791100379001001044712700037032300078737102006001041068  22221
11003791100379001001053567410058753382095373102006002022001  22228
11003791100379001001057111150035039713772127102006002121067  22228
11004031100403001001003169900055148047676012102003002042056  22228
11004031100403001001004051060044941922375977102003002011063  22228
11004031100403001001005549870043731160960077102003001032079  22221
11004031100403001001006335520043268973855970102003001022070  22221
11004031100403001001018271470049072336025853102003001092074  22222
11004031100403001001021171880061672352779621102003002051073  22228
11004031100403001001021835560050615550778418102003002042077  22228
11004031100403001001024365870060647583853760102003002111016  22228
11004031100403001001028627480044626291231191102003001091076  22222
11004031100403001001031272810043141876220371102003001091   0122222
11004031100403001001033912270044578056801954102003002051081  22228
11004031100403001001042163550044578056801954102003002111087  22228
11004031100403001001045272560041377954398400102003001032067  22221
11004031100403001001050919930061033425660277102003001022030  22221
11004031100403001001051505560049781798972858102003001091018  22222
11004031100403001001052753520063405525419879102003002062056  22228
11004031100403001001053419530050889704228178102003001051020  22221
11004031100403001001054739670074106170507950102003002021025  22228
11004031100403001001059109630044701987396799102003002021033  22228
11004031100403001001061807320046428723225359102003001081067  22222
11004521100452003001009435380099284240584645101001001012065  22221
11004521100452003001011263910073740897377863101001001021030  22221
11004521100452003001022237050103303369487488101001001022055  22221
11004521100452003001044006780082776166550888101001001072071  22221
11004521100452003001049455220065495636288577101001001032057  22221
11004521100452003001051106540082277788669069101001001111016  22221
11004521100452003001053169690091501531355040101001001101079  22221
11004521100452003001061771640073388049154312101001002022060  22228
11004521100452003002004192020116100143220662101001002101024  22228
11004521100452003002032752920107862540901015101001002111050  22228
11004521100452003002036284820049083018035765101001002102033  22228
11004521100452003002049674450082295227974915101001002092039  22228
11005021100502001001006515190049767612961989102006002082100  22228
11005021100502001001008154890060683954103771102006002082093  22228
11005021100502001001013523860037206243446126102006002121065  22228
11005021100502001001014684300044821282818998102006001012084  22221
11005021100502001001015897470059127121334052102006002051033  22228
11005021100502001001025140930054254752786834102006002032079  22228
11005021100502001001038324330044484328053393102006002111047  22228
11005021100502001001061531480057639377802431102006002021040  22228
11006011100601001001009410820020454029291483102003001122065  22221
11006011100601001001033172140027419220448610102003002032062  22228
11006011100601001001038780820018152079475247102003001021063  22221
11006011100601001001051285610030074202396113102003002022079  22228
11007001100700001001000083270041510475535386101001001021035  22221
11007001100700001001010843790050430704611530101001002051074  22228
11007001100700001001017425970047641876665778101001001051083  22221
11007001100700001001019915350051952593662360101001002041   0922228
11007001100700001001033086450051735568257401101001001101027  22221
11007001100700001001036874160070574832373499101001001021023  22221
11007001100700001001044072410050682039543604101001001091068  22221
11007001100700001001053072030049430484397220101001002081074  22228
11007001100700001001054978100063090070755976101001002081073  22228
11007001100700001001058002550034630301768142101001002061076  22228
11007001100700001001059188950042820126822318101001002112   0622228
11008091100809001001002235530048178767153391101001001051036  22221
11008091100809001001005137990045248095670041101001002092082  22228
11008091100809001001013534560070056816396594101001002032091  22228
11008091100809001001013534560070056816396594101001002031060  22228
11008091100809001001014724400054969009712219101001001112068  22221
11008091100809001001016563270038756526280643101001001031085  22221
11008091100809001001017548890075749827454923101001002102075  22224
11008091100809001001018927540052554921934832101001002111065  22228
11008091100809001001020776790047022360652235101001002022086  22228
11008091100809001001022095750049501350164243101001001011047  22221
11008091100809001001029965470057387885913723101001001092050  22221
11008091100809001001030115200050349534065312101001002031046  22224
11008091100809001001035079000053832756982167101001002032089  22228
11008091100809001001036481640046684798403965101001001072020  22221
11008091100809001001040243850042476596299877101001002111075  22224
11008091100809001001042617900057688427818458101001001021084  22221
11008091100809001001049885320060222337393366101001002101065  22228
11008091100809001001050292000053403036973978101001002011040  22224
11008091100809001001052205520083753530589996101001002121001  22224
11008091100809001001052438160058116009790280101001001072074  22221
11008091100809001001053791310037534955179862101001002102082  22228
11009081100908001001000404820040624267454125102006002031023  22228
11009081100908001001014164480057583701345282102006001011073  22221
11009081100908001001027362010011294841253543102006002101044  22228
11009081100908001001030820970038130625743226102006002011056  22228
11009081100908001001041778690024909665753151102006002041092  22228
11009081100908001001047191970031313811471414102006002102079  22228
11009081100908001001047539080036153959979391102006002111024  22228
11009081100908001001049778870039944600977661102006002092038  22228
11009081100908001001053648990042269591009540102006002022062  22228
11009081100908001001055461850034608531114655102006002021019  22228
11009081100908001001055777950031621459756692102006002041080  22228
11009081100908001001059932480046984332341595102006001021064  22221
11009241100924001001015056610025665405455698102007002121028  22228
11009241100924001001015440640029688766419007102007001031060  22221
11009241100924001001018901590034822438553427102007001051074  22221
11009241100924001001028380850028181727793051102007001011024  22221
11009241100924001001032954180031106584004537102007002011072  22228
11009241100924001001035497900028906943359578102007001061   0122221
11009241100924001001036180790032418248222295102007002091038  22228
11009241100924001001046623780024668286304372102007001062067  22221
11009241100924001001049256430026389062088398102007001091051  22221
11009241100924001001059182100033040205346290102007001071014  22221
11009241100924001001059182100033040205346290102007001031063  22221
11009401100940001001002195620043330071241194101001001112082  22221
11009401100940001001010405280052402707288807101001001052052  22221
11009401100940001001011872550040185716242394101001002051045  22228
11009401100940001001012615540053669132616874101001001071095  22221
11009401100940001001012636580052900433704233101001002081058  22228
11009401100940001001019479360037114707281401101001001071041  22221
11009401100940001001033393310056680043966546101001001022002  22221
11009401100940001001034753280049393508317980101001002111086  22228
11009401100940001001041419270055117613068395101001001061   0122221
11009401100940001001045595850057089893192950101001001042015  22221
11009401100940001001045990460059635411944058101001001011028  22221
11009401100940001001059695120059073203801984101001001122081  22221
11009401100940001001061695900070242293689825101001001081032  22221
11010051101005001001005633370043484308750904102004002061072  22228
11010051101005001001030899410053757780270939102004002061071  22228
11010051101005001001033744230034176934971089102004002041069  22228
11011041101104001001008783850063078644860384101001001011089  22221
11011041101104001001016263640046162676833466101001001071016  22221
11011041101104001001019066740062902934830518101001002082066  22228
11011041101104001001027240490048977374940264101001001092066  22221
11011041101104001001033470210044642114948772101001002061017  22228
11011041101104001001041420120034111269252327101001001012001  22221
11011041101104001001049707810055787004210600101001001012056  22221
11012031101203001001014316630046727915764192102006001021055  22221
11012031101203001001015162050050692399864042102006002032068  22228
11012031101203001001020431210046823532435838102006002031038  22228
11012031101203001001022665950056240903331227102006002041079  22228
11012031101203001001040596800056240903331227102006002121081  22228
11012031101203001001044155520032604543843435102006001102   0622221
11012031101203001001050419160045986706124914102006002052065  22228
11012031101203001001061691240043395688791400102006001122083  22221
11013021101302001001006220300045340097103487102004002042005  22228
11013021101302001001013106470080945759703817102004002042074  22228
11013021101302001001013623860052753298079539102004001111074  22221
11013021101302001001022057320050740232013994102004001031063  22221
11013021101302001001025994030051842000189891102004002022093  22228
11013021101302001001037795640045248519237312102004001022078  22221
11013021101302001001043054520046337894135204102004001112062  22221
11013021101302001001043238190050079519798608102004001091087  22221
11013021101302001001044625800043148702322187102004002041071  22228
11013021101302001001048964220057225736018648102004002042056  22228
11013021101302001001052679440083876204722626102004002121041  22228
11014011101401001001002811160052366710973187102003002012069  22228
11014011101401001001003240290034558725893734102003001112051  22221
11014011101401001001015827990057520305417045102003001031032  22221
11014011101401001001027748910054088867465621102003001051070  22221
11014011101401001001031450620042359579755189102003001042066  22221
11014011101401001001034976220036604145816757102003001091045  22221
11014011101401001001040599570051418014911525102003001091061  22221
11014011101401001001052974560072819551419911102003002041040  22228
11014011101401001001054583940039028478039938102003001021071  22221
11014011101401001001059618460066516492682261102003001041027  22221
11014351101435001001005667860026942090995117102004002122084  22228
11014351101435001001007808160023796254756379102004002021056  22228
11014351101435001001015631250033228141344776102004002122064  22228
11014351101435001001024853410031785353114908102004001042044  22221
11014351101435001001024992130034371728816265102004001031034  22221
11014351101435001001026940540030387409791031102004002081032  22228
11014351101435001001026980080027710900955977102004002081074  22228
11014351101435001001027415920034766650804496102004001042010  22221
11014351101435001001037724090027961702971774102004002041060  22228
11014351101435001001038365640030876075864932102004002021043  22228
11014351101435001001042094530018227790138974102004002042077  22228
11014351101435001001042910430028142157532755102004002122042  22228
11014351101435001001055700590031434344316156102004001022066  22221
11014351101435001001056570340034325644089849102004002071044  22228
11014501101450001001005097610023367934741376102007002032023  22228
11014501101450001001007980460033829089287834102007002061076  22228
11014501101450001001027945280043418476098436102007002091027  22228
11014501101450001001032490020038165290713262102007002012070  22228
11014501101450001001036651800031473832163933102007002041074  22228
11014501101450001001061620130026211460103432102007001081038  22221
11014681101468001001028015400018178246527661102008002041028  22228
11014681101468001001031973770019592161682729102008001121076  22221
11014681101468001001037968420018553278695756102008002122056  22228
11014761101476001001019754590031313703854337102007002062085  22228
11014761101476001001022398690028916959257872102007001081089  22221
11014761101476001001032754990031720067272475102007001041039  22221
11014761101476001001033709340023358999933954102007002032033  22228
11014761101476001001052924180029787558920811102007002021055  22228
11014761101476001001058988170026275426881807102007002091075  22225
11014761101476001001059270910032649779328828102007002061065  22225
11014841101484001001004850970025805264748053102007002011040  22228
11014841101484001001009193270027186797115705102007001011034  22221
11014841101484001001023337490030430782077228102007002121073  22228
11014841101484001001032164840027016091231207102007002082077  22228
11014841101484001001040456300026823812225332102007001012015  22221
11014841101484001001041087010027140320727518102007002021085  22228
11014841101484001001046636620036871795871409102007002022069  22225
11014841101484001001047861680022840159690236102007002061078  22225
11014841101484001001055341240022279995261283102007001111080  22221
11014921101492001001003350650060467702957780101002002061057  22228
110149211014920010010070977400463126939815221010020011119999922111
11014921101492001001007185990053804019412951101002001111046  22221
11014921101492001001014112720048430804254581101002001042063  22221
11014921101492001001033342280040357318587617101002002051019  22228
11014921101492001001033342280040357318587617101002002052016  22228
11014921101492001001033681010053390853194168101002001101029  22221
11014921101492001001037225420060711165430107101002001012086  22221
11014921101492001001045477150046541639508279101002001091028  22221
11014921101492001001046000550052001561827038101002002011065  22228
11014921101492001001049141060043782059352690101002001061028  22221
11014921101492001001050919760048326625350331101002001041   0022221
11015001101500001001026480990053198831913047102005001112040  22221
11015001101500001001027358170040328853653593102005002051066  22228
11015001101500001001027615980039401971047471102005002021069  22228
11015001101500001001038391150052695749574151102005002031075  22228
11015001101500001001045014360074859487883469102005002121040  22228
11015001101500001001053529510070205551407037102005001011020  22221
11015001101500001001055125430042442575450922102005001111051  22221
11015591101559001001005217600029129927036639102004001102078  22221
11015591101559001001008329760036181777503850102004002061047  22228
11015591101559001001016803570030282668882345102004001041044  22221
11015591101559001001022700420021198951558571102004002101052  22228
11015591101559001001028288160045530081038503102004002012035  22228
11015591101559001001037849860031944821973799102004002111042  22228
11015591101559001001038915950020826158895176102004002021017  22228
11015591101559001001048538340031334986295890102004002091070  22228
11015591101559001001049348560026769428538124102004001021053  22221
11015591101559001001059341130032668966167208102004001011080  22221
11016091101609001001010629660066770680167049102004001011034  22221
11016091101609001001018110520047856436521711102004002062053  22228
11016091101609001001021159100059441755097065102004002031043  22228
11016091101609001001023593510031035924813805102004001121046  22221
11016091101609001001036477050070739401077667102004001121093  22221
11016091101609001001036967210043604326366247102004002071076  22228
11016091101609001001040878250059423729239630102004002061   0122228
11016091101609001001050016860064292520491477102004002122082  22228
11016091101609001001061376420070051151443875102004002061054  22228
11017081101708001001003511050054946487660850102004002032035  22226
11017081101708001001005225380061756851226838102004001052036  22221
11017081101708001001017891960046623471900414102004001112073  22221
11017081101708001001028257100044682913924981102004001072067  22221
11017081101708001001044896930053592679663629102004002011044  22228
11017081101708001001061303940052231883856876102004002052036  22226
11017571101757001001000627940050535637606823102003002021022  22228
11017571101757001001005908760076483753684862102003002092099  22228
11017571101757001001009107640038619248987609102003002071060  22228
11017571101757001001011097170028927664866685102003001051074  22221
11017571101757001001012005000072678475829591102003002041027  22228
11017571101757001001020957470069983876737788102003001102083  22221
11017571101757001001034444390048293711508707102003002102081  22228
11017571101757001001053957810053888063622526102003002041082  22228
11017571101757001001055581030057694283515152102003002031039  22228
11018071101807001001003595800071292671379787102004002051058  22228
11018071101807001001006544010045373881393213102004002062055  22228
11018071101807001001015353740058513252667875102004002021027  22228
